/*--------------------------------*- C++ -*----------------------------------*\
| =========                 |                                                 |
| \\      /  F ield         | OpenFOAM                                       |
|  \\    /   O peration     | Version:  v2312                               |
|   \\  /    A nd           | Website:  www.openfoam.com                    |
|    \\/     M anipulation  |                                               |
\*---------------------------------------------------------------------------*/
FoamFile
{
    version     2.0;
    format      ascii;
    class       volVectorField;
    location    "0";
    object      F;
}
// * * * * * * * * * * * * * * * * * * * * * * * * * * * * * * * * * * * * * //

dimensions      [0 1 -2 0 0 0 0]; // TODO I just made it into acceleration, maybe should be fixed later

internalField   nonuniform List<vector>
400                                   // Number of cells
(
        (2.0229495038357523 23.309057398666834 0.0)
        (2.0229495038357523 23.309057398666834 0.0)
        (2.0229495038357523 23.309057398666834 0.0)
        (2.0229495038357523 23.309057398666834 0.0)
        (-37.84183306431162 14.080109061092527 0.0)
        (-37.84183306431162 14.080109061092527 0.0)
        (-37.84183306431162 14.080109061092527 0.0)
        (-2.1786308266718954 -36.056065430562676 0.0)
        (-2.1786308266718954 -36.056065430562676 0.0)
        (-2.1786308266718954 -36.056065430562676 0.0)
        (-34.09525870315166 35.45184390631334 0.0)
        (-34.09525870315166 35.45184390631334 0.0)
        (-34.09525870315166 35.45184390631334 0.0)
        (-29.57907447587043 47.27383525353147 0.0)
        (-29.57907447587043 47.27383525353147 0.0)
        (-29.57907447587043 47.27383525353147 0.0)
        (-23.592925643320484 -46.683518488742116 0.0)
        (-23.592925643320484 -46.683518488742116 0.0)
        (-23.592925643320484 -46.683518488742116 0.0)
        (-23.592925643320484 -46.683518488742116 0.0)
        (2.0229495038357523 23.309057398666834 0.0)
        (2.0229495038357523 23.309057398666834 0.0)
        (2.0229495038357523 23.309057398666834 0.0)
        (2.0229495038357523 23.309057398666834 0.0)
        (-37.84183306431162 14.080109061092527 0.0)
        (-37.84183306431162 14.080109061092527 0.0)
        (-37.84183306431162 14.080109061092527 0.0)
        (-2.1786308266718954 -36.056065430562676 0.0)
        (-2.1786308266718954 -36.056065430562676 0.0)
        (-2.1786308266718954 -36.056065430562676 0.0)
        (-34.09525870315166 35.45184390631334 0.0)
        (-34.09525870315166 35.45184390631334 0.0)
        (-34.09525870315166 35.45184390631334 0.0)
        (-29.57907447587043 47.27383525353147 0.0)
        (-29.57907447587043 47.27383525353147 0.0)
        (-29.57907447587043 47.27383525353147 0.0)
        (-23.592925643320484 -46.683518488742116 0.0)
        (-23.592925643320484 -46.683518488742116 0.0)
        (-23.592925643320484 -46.683518488742116 0.0)
        (-23.592925643320484 -46.683518488742116 0.0)
        (2.0229495038357523 23.309057398666834 0.0)
        (2.0229495038357523 23.309057398666834 0.0)
        (2.0229495038357523 23.309057398666834 0.0)
        (2.0229495038357523 23.309057398666834 0.0)
        (-37.84183306431162 14.080109061092527 0.0)
        (-37.84183306431162 14.080109061092527 0.0)
        (-37.84183306431162 14.080109061092527 0.0)
        (-2.1786308266718954 -36.056065430562676 0.0)
        (-2.1786308266718954 -36.056065430562676 0.0)
        (-2.1786308266718954 -36.056065430562676 0.0)
        (-34.09525870315166 35.45184390631334 0.0)
        (-34.09525870315166 35.45184390631334 0.0)
        (-34.09525870315166 35.45184390631334 0.0)
        (-29.57907447587043 47.27383525353147 0.0)
        (-29.57907447587043 47.27383525353147 0.0)
        (-29.57907447587043 47.27383525353147 0.0)
        (-23.592925643320484 -46.683518488742116 0.0)
        (-23.592925643320484 -46.683518488742116 0.0)
        (-23.592925643320484 -46.683518488742116 0.0)
        (-23.592925643320484 -46.683518488742116 0.0)
        (2.0229495038357523 23.309057398666834 0.0)
        (2.0229495038357523 23.309057398666834 0.0)
        (2.0229495038357523 23.309057398666834 0.0)
        (2.0229495038357523 23.309057398666834 0.0)
        (-37.84183306431162 14.080109061092527 0.0)
        (-37.84183306431162 14.080109061092527 0.0)
        (-37.84183306431162 14.080109061092527 0.0)
        (-2.1786308266718954 -36.056065430562676 0.0)
        (-2.1786308266718954 -36.056065430562676 0.0)
        (-2.1786308266718954 -36.056065430562676 0.0)
        (-34.09525870315166 35.45184390631334 0.0)
        (-34.09525870315166 35.45184390631334 0.0)
        (-34.09525870315166 35.45184390631334 0.0)
        (-29.57907447587043 47.27383525353147 0.0)
        (-29.57907447587043 47.27383525353147 0.0)
        (-29.57907447587043 47.27383525353147 0.0)
        (-23.592925643320484 -46.683518488742116 0.0)
        (-23.592925643320484 -46.683518488742116 0.0)
        (-23.592925643320484 -46.683518488742116 0.0)
        (-23.592925643320484 -46.683518488742116 0.0)
        (-0.045591738941069826 47.56706777442755 0.0)
        (-0.045591738941069826 47.56706777442755 0.0)
        (-0.045591738941069826 47.56706777442755 0.0)
        (-0.045591738941069826 47.56706777442755 0.0)
        (-47.18691312537061 26.857564595497056 0.0)
        (-47.18691312537061 26.857564595497056 0.0)
        (-47.18691312537061 26.857564595497056 0.0)
        (-23.663649244334675 27.842511896151557 0.0)
        (-23.663649244334675 27.842511896151557 0.0)
        (-23.663649244334675 27.842511896151557 0.0)
        (0.4094600464463555 -24.37315603400239 0.0)
        (0.4094600464463555 -24.37315603400239 0.0)
        (0.4094600464463555 -24.37315603400239 0.0)
        (-14.985334841535124 -4.564108906301623 0.0)
        (-14.985334841535124 -4.564108906301623 0.0)
        (-14.985334841535124 -4.564108906301623 0.0)
        (-27.830695259774597 -45.36343809906753 0.0)
        (-27.830695259774597 -45.36343809906753 0.0)
        (-27.830695259774597 -45.36343809906753 0.0)
        (-27.830695259774597 -45.36343809906753 0.0)
        (-0.045591738941069826 47.56706777442755 0.0)
        (-0.045591738941069826 47.56706777442755 0.0)
        (-0.045591738941069826 47.56706777442755 0.0)
        (-0.045591738941069826 47.56706777442755 0.0)
        (-47.18691312537061 26.857564595497056 0.0)
        (-47.18691312537061 26.857564595497056 0.0)
        (-47.18691312537061 26.857564595497056 0.0)
        (-23.663649244334675 27.842511896151557 0.0)
        (-23.663649244334675 27.842511896151557 0.0)
        (-23.663649244334675 27.842511896151557 0.0)
        (0.4094600464463555 -24.37315603400239 0.0)
        (0.4094600464463555 -24.37315603400239 0.0)
        (0.4094600464463555 -24.37315603400239 0.0)
        (-14.985334841535124 -4.564108906301623 0.0)
        (-14.985334841535124 -4.564108906301623 0.0)
        (-14.985334841535124 -4.564108906301623 0.0)
        (-27.830695259774597 -45.36343809906753 0.0)
        (-27.830695259774597 -45.36343809906753 0.0)
        (-27.830695259774597 -45.36343809906753 0.0)
        (-27.830695259774597 -45.36343809906753 0.0)
        (-0.045591738941069826 47.56706777442755 0.0)
        (-0.045591738941069826 47.56706777442755 0.0)
        (-0.045591738941069826 47.56706777442755 0.0)
        (-0.045591738941069826 47.56706777442755 0.0)
        (-47.18691312537061 26.857564595497056 0.0)
        (-47.18691312537061 26.857564595497056 0.0)
        (-47.18691312537061 26.857564595497056 0.0)
        (-23.663649244334675 27.842511896151557 0.0)
        (-23.663649244334675 27.842511896151557 0.0)
        (-23.663649244334675 27.842511896151557 0.0)
        (0.4094600464463555 -24.37315603400239 0.0)
        (0.4094600464463555 -24.37315603400239 0.0)
        (0.4094600464463555 -24.37315603400239 0.0)
        (-14.985334841535124 -4.564108906301623 0.0)
        (-14.985334841535124 -4.564108906301623 0.0)
        (-14.985334841535124 -4.564108906301623 0.0)
        (-27.830695259774597 -45.36343809906753 0.0)
        (-27.830695259774597 -45.36343809906753 0.0)
        (-27.830695259774597 -45.36343809906753 0.0)
        (-27.830695259774597 -45.36343809906753 0.0)
        (-27.145173023764112 43.44389485881425 0.0)
        (-27.145173023764112 43.44389485881425 0.0)
        (-27.145173023764112 43.44389485881425 0.0)
        (-27.145173023764112 43.44389485881425 0.0)
        (-15.775556832800103 42.8174857321231 0.0)
        (-15.775556832800103 42.8174857321231 0.0)
        (-15.775556832800103 42.8174857321231 0.0)
        (-24.542324737700966 -36.85356866717598 0.0)
        (-24.542324737700966 -36.85356866717598 0.0)
        (-24.542324737700966 -36.85356866717598 0.0)
        (-43.53792718210141 -5.6031894887534515 0.0)
        (-43.53792718210141 -5.6031894887534515 0.0)
        (-43.53792718210141 -5.6031894887534515 0.0)
        (-14.443175210252912 -37.0677888307517 0.0)
        (-14.443175210252912 -37.0677888307517 0.0)
        (-14.443175210252912 -37.0677888307517 0.0)
        (-42.20213470382605 -45.65223689162338 0.0)
        (-42.20213470382605 -45.65223689162338 0.0)
        (-42.20213470382605 -45.65223689162338 0.0)
        (-42.20213470382605 -45.65223689162338 0.0)
        (-27.145173023764112 43.44389485881425 0.0)
        (-27.145173023764112 43.44389485881425 0.0)
        (-27.145173023764112 43.44389485881425 0.0)
        (-27.145173023764112 43.44389485881425 0.0)
        (-15.775556832800103 42.8174857321231 0.0)
        (-15.775556832800103 42.8174857321231 0.0)
        (-15.775556832800103 42.8174857321231 0.0)
        (-24.542324737700966 -36.85356866717598 0.0)
        (-24.542324737700966 -36.85356866717598 0.0)
        (-24.542324737700966 -36.85356866717598 0.0)
        (-43.53792718210141 -5.6031894887534515 0.0)
        (-43.53792718210141 -5.6031894887534515 0.0)
        (-43.53792718210141 -5.6031894887534515 0.0)
        (-14.443175210252912 -37.0677888307517 0.0)
        (-14.443175210252912 -37.0677888307517 0.0)
        (-14.443175210252912 -37.0677888307517 0.0)
        (-42.20213470382605 -45.65223689162338 0.0)
        (-42.20213470382605 -45.65223689162338 0.0)
        (-42.20213470382605 -45.65223689162338 0.0)
        (-42.20213470382605 -45.65223689162338 0.0)
        (-27.145173023764112 43.44389485881425 0.0)
        (-27.145173023764112 43.44389485881425 0.0)
        (-27.145173023764112 43.44389485881425 0.0)
        (-27.145173023764112 43.44389485881425 0.0)
        (-15.775556832800103 42.8174857321231 0.0)
        (-15.775556832800103 42.8174857321231 0.0)
        (-15.775556832800103 42.8174857321231 0.0)
        (-24.542324737700966 -36.85356866717598 0.0)
        (-24.542324737700966 -36.85356866717598 0.0)
        (-24.542324737700966 -36.85356866717598 0.0)
        (-43.53792718210141 -5.6031894887534515 0.0)
        (-43.53792718210141 -5.6031894887534515 0.0)
        (-43.53792718210141 -5.6031894887534515 0.0)
        (-14.443175210252912 -37.0677888307517 0.0)
        (-14.443175210252912 -37.0677888307517 0.0)
        (-14.443175210252912 -37.0677888307517 0.0)
        (-42.20213470382605 -45.65223689162338 0.0)
        (-42.20213470382605 -45.65223689162338 0.0)
        (-42.20213470382605 -45.65223689162338 0.0)
        (-42.20213470382605 -45.65223689162338 0.0)
        (-45.26969682389846 44.288661362837054 0.0)
        (-45.26969682389846 44.288661362837054 0.0)
        (-45.26969682389846 44.288661362837054 0.0)
        (-45.26969682389846 44.288661362837054 0.0)
        (48.60929622525653 37.71048911252155 0.0)
        (48.60929622525653 37.71048911252155 0.0)
        (48.60929622525653 37.71048911252155 0.0)
        (12.01389195002536 -36.76934430017674 0.0)
        (12.01389195002536 -36.76934430017674 0.0)
        (12.01389195002536 -36.76934430017674 0.0)
        (48.69507914166057 -18.003597552207125 0.0)
        (48.69507914166057 -18.003597552207125 0.0)
        (48.69507914166057 -18.003597552207125 0.0)
        (-29.73971319723512 40.98489393710324 0.0)
        (-29.73971319723512 40.98489393710324 0.0)
        (-29.73971319723512 40.98489393710324 0.0)
        (-48.69300788960259 -12.235900871408601 0.0)
        (-48.69300788960259 -12.235900871408601 0.0)
        (-48.69300788960259 -12.235900871408601 0.0)
        (-48.69300788960259 -12.235900871408601 0.0)
        (-45.26969682389846 44.288661362837054 0.0)
        (-45.26969682389846 44.288661362837054 0.0)
        (-45.26969682389846 44.288661362837054 0.0)
        (-45.26969682389846 44.288661362837054 0.0)
        (48.60929622525653 37.71048911252155 0.0)
        (48.60929622525653 37.71048911252155 0.0)
        (48.60929622525653 37.71048911252155 0.0)
        (12.01389195002536 -36.76934430017674 0.0)
        (12.01389195002536 -36.76934430017674 0.0)
        (12.01389195002536 -36.76934430017674 0.0)
        (48.69507914166057 -18.003597552207125 0.0)
        (48.69507914166057 -18.003597552207125 0.0)
        (48.69507914166057 -18.003597552207125 0.0)
        (-29.73971319723512 40.98489393710324 0.0)
        (-29.73971319723512 40.98489393710324 0.0)
        (-29.73971319723512 40.98489393710324 0.0)
        (-48.69300788960259 -12.235900871408601 0.0)
        (-48.69300788960259 -12.235900871408601 0.0)
        (-48.69300788960259 -12.235900871408601 0.0)
        (-48.69300788960259 -12.235900871408601 0.0)
        (-45.26969682389846 44.288661362837054 0.0)
        (-45.26969682389846 44.288661362837054 0.0)
        (-45.26969682389846 44.288661362837054 0.0)
        (-45.26969682389846 44.288661362837054 0.0)
        (48.60929622525653 37.71048911252155 0.0)
        (48.60929622525653 37.71048911252155 0.0)
        (48.60929622525653 37.71048911252155 0.0)
        (12.01389195002536 -36.76934430017674 0.0)
        (12.01389195002536 -36.76934430017674 0.0)
        (12.01389195002536 -36.76934430017674 0.0)
        (48.69507914166057 -18.003597552207125 0.0)
        (48.69507914166057 -18.003597552207125 0.0)
        (48.69507914166057 -18.003597552207125 0.0)
        (-29.73971319723512 40.98489393710324 0.0)
        (-29.73971319723512 40.98489393710324 0.0)
        (-29.73971319723512 40.98489393710324 0.0)
        (-48.69300788960259 -12.235900871408601 0.0)
        (-48.69300788960259 -12.235900871408601 0.0)
        (-48.69300788960259 -12.235900871408601 0.0)
        (-48.69300788960259 -12.235900871408601 0.0)
        (15.687615951214879 40.5012392697401 0.0)
        (15.687615951214879 40.5012392697401 0.0)
        (15.687615951214879 40.5012392697401 0.0)
        (15.687615951214879 40.5012392697401 0.0)
        (43.386603714905725 42.256379421327885 0.0)
        (43.386603714905725 42.256379421327885 0.0)
        (43.386603714905725 42.256379421327885 0.0)
        (34.72726080191811 -17.984610457796784 0.0)
        (34.72726080191811 -17.984610457796784 0.0)
        (34.72726080191811 -17.984610457796784 0.0)
        (48.80368290060505 23.306525373492043 0.0)
        (48.80368290060505 23.306525373492043 0.0)
        (48.80368290060505 23.306525373492043 0.0)
        (20.054867753501636 29.871893793190107 0.0)
        (20.054867753501636 29.871893793190107 0.0)
        (20.054867753501636 29.871893793190107 0.0)
        (21.389866849274984 -22.725180479761413 0.0)
        (21.389866849274984 -22.725180479761413 0.0)
        (21.389866849274984 -22.725180479761413 0.0)
        (21.389866849274984 -22.725180479761413 0.0)
        (15.687615951214879 40.5012392697401 0.0)
        (15.687615951214879 40.5012392697401 0.0)
        (15.687615951214879 40.5012392697401 0.0)
        (15.687615951214879 40.5012392697401 0.0)
        (43.386603714905725 42.256379421327885 0.0)
        (43.386603714905725 42.256379421327885 0.0)
        (43.386603714905725 42.256379421327885 0.0)
        (34.72726080191811 -17.984610457796784 0.0)
        (34.72726080191811 -17.984610457796784 0.0)
        (34.72726080191811 -17.984610457796784 0.0)
        (48.80368290060505 23.306525373492043 0.0)
        (48.80368290060505 23.306525373492043 0.0)
        (48.80368290060505 23.306525373492043 0.0)
        (20.054867753501636 29.871893793190107 0.0)
        (20.054867753501636 29.871893793190107 0.0)
        (20.054867753501636 29.871893793190107 0.0)
        (21.389866849274984 -22.725180479761413 0.0)
        (21.389866849274984 -22.725180479761413 0.0)
        (21.389866849274984 -22.725180479761413 0.0)
        (21.389866849274984 -22.725180479761413 0.0)
        (15.687615951214879 40.5012392697401 0.0)
        (15.687615951214879 40.5012392697401 0.0)
        (15.687615951214879 40.5012392697401 0.0)
        (15.687615951214879 40.5012392697401 0.0)
        (43.386603714905725 42.256379421327885 0.0)
        (43.386603714905725 42.256379421327885 0.0)
        (43.386603714905725 42.256379421327885 0.0)
        (34.72726080191811 -17.984610457796784 0.0)
        (34.72726080191811 -17.984610457796784 0.0)
        (34.72726080191811 -17.984610457796784 0.0)
        (48.80368290060505 23.306525373492043 0.0)
        (48.80368290060505 23.306525373492043 0.0)
        (48.80368290060505 23.306525373492043 0.0)
        (20.054867753501636 29.871893793190107 0.0)
        (20.054867753501636 29.871893793190107 0.0)
        (20.054867753501636 29.871893793190107 0.0)
        (21.389866849274984 -22.725180479761413 0.0)
        (21.389866849274984 -22.725180479761413 0.0)
        (21.389866849274984 -22.725180479761413 0.0)
        (21.389866849274984 -22.725180479761413 0.0)
        (5.469767910404805 29.48418251546653 0.0)
        (5.469767910404805 29.48418251546653 0.0)
        (5.469767910404805 29.48418251546653 0.0)
        (5.469767910404805 29.48418251546653 0.0)
        (6.854366351287922 30.657989074852303 0.0)
        (6.854366351287922 30.657989074852303 0.0)
        (6.854366351287922 30.657989074852303 0.0)
        (44.62414388453471 -10.986629128508392 0.0)
        (44.62414388453471 -10.986629128508392 0.0)
        (44.62414388453471 -10.986629128508392 0.0)
        (41.38764587019662 -20.147069225762497 0.0)
        (41.38764587019662 -20.147069225762497 0.0)
        (41.38764587019662 -20.147069225762497 0.0)
        (41.7221985618116 37.593308699146924 0.0)
        (41.7221985618116 37.593308699146924 0.0)
        (41.7221985618116 37.593308699146924 0.0)
        (28.44915250537826 -36.91232384308368 0.0)
        (28.44915250537826 -36.91232384308368 0.0)
        (28.44915250537826 -36.91232384308368 0.0)
        (28.44915250537826 -36.91232384308368 0.0)
        (5.469767910404805 29.48418251546653 0.0)
        (5.469767910404805 29.48418251546653 0.0)
        (5.469767910404805 29.48418251546653 0.0)
        (5.469767910404805 29.48418251546653 0.0)
        (6.854366351287922 30.657989074852303 0.0)
        (6.854366351287922 30.657989074852303 0.0)
        (6.854366351287922 30.657989074852303 0.0)
        (44.62414388453471 -10.986629128508392 0.0)
        (44.62414388453471 -10.986629128508392 0.0)
        (44.62414388453471 -10.986629128508392 0.0)
        (41.38764587019662 -20.147069225762497 0.0)
        (41.38764587019662 -20.147069225762497 0.0)
        (41.38764587019662 -20.147069225762497 0.0)
        (41.7221985618116 37.593308699146924 0.0)
        (41.7221985618116 37.593308699146924 0.0)
        (41.7221985618116 37.593308699146924 0.0)
        (28.44915250537826 -36.91232384308368 0.0)
        (28.44915250537826 -36.91232384308368 0.0)
        (28.44915250537826 -36.91232384308368 0.0)
        (28.44915250537826 -36.91232384308368 0.0)
        (5.469767910404805 29.48418251546653 0.0)
        (5.469767910404805 29.48418251546653 0.0)
        (5.469767910404805 29.48418251546653 0.0)
        (5.469767910404805 29.48418251546653 0.0)
        (6.854366351287922 30.657989074852303 0.0)
        (6.854366351287922 30.657989074852303 0.0)
        (6.854366351287922 30.657989074852303 0.0)
        (44.62414388453471 -10.986629128508392 0.0)
        (44.62414388453471 -10.986629128508392 0.0)
        (44.62414388453471 -10.986629128508392 0.0)
        (41.38764587019662 -20.147069225762497 0.0)
        (41.38764587019662 -20.147069225762497 0.0)
        (41.38764587019662 -20.147069225762497 0.0)
        (41.7221985618116 37.593308699146924 0.0)
        (41.7221985618116 37.593308699146924 0.0)
        (41.7221985618116 37.593308699146924 0.0)
        (28.44915250537826 -36.91232384308368 0.0)
        (28.44915250537826 -36.91232384308368 0.0)
        (28.44915250537826 -36.91232384308368 0.0)
        (28.44915250537826 -36.91232384308368 0.0)
        (5.469767910404805 29.48418251546653 0.0)
        (5.469767910404805 29.48418251546653 0.0)
        (5.469767910404805 29.48418251546653 0.0)
        (5.469767910404805 29.48418251546653 0.0)
        (6.854366351287922 30.657989074852303 0.0)
        (6.854366351287922 30.657989074852303 0.0)
        (6.854366351287922 30.657989074852303 0.0)
        (44.62414388453471 -10.986629128508392 0.0)
        (44.62414388453471 -10.986629128508392 0.0)
        (44.62414388453471 -10.986629128508392 0.0)
        (41.38764587019662 -20.147069225762497 0.0)
        (41.38764587019662 -20.147069225762497 0.0)
        (41.38764587019662 -20.147069225762497 0.0)
        (41.7221985618116 37.593308699146924 0.0)
        (41.7221985618116 37.593308699146924 0.0)
        (41.7221985618116 37.593308699146924 0.0)
        (28.44915250537826 -36.91232384308368 0.0)
        (28.44915250537826 -36.91232384308368 0.0)
        (28.44915250537826 -36.91232384308368 0.0)
        (28.44915250537826 -36.91232384308368 0.0)
);

boundaryField
{
    walls
    {
        type            zeroGradient;
    }

    inlet
    {
        type            fixedValue;
        value           uniform 300;
    }

    outlet
    {
        type            zeroGradient;
    }
// WALLS
    fixedWalls {
        type zeroGradient;
    }
    frontAndBack {
        type empty;
    }

    coldEnd {
        type zeroGradient;
    }

    hotEnd {
        type zeroGradient;
    }
}

// ************************************************************************* //
