/*--------------------------------*- C++ -*----------------------------------*\
| =========                 |                                                 |
| \\      /  F ield         | OpenFOAM: The Open Source CFD Toolbox           |
|  \\    /   O peration     | Version:  2406                                  |
|   \\  /    A nd           | Website:  www.openfoam.com                      |
|    \\/     M anipulation  |                                                 |
\*---------------------------------------------------------------------------*/
FoamFile
{
    version     2.0;
    format      ascii;
    arch        "LSB;label=32;scalar=64";
    class       volVectorField;
    location    "0";
    object      C;
}
// * * * * * * * * * * * * * * * * * * * * * * * * * * * * * * * * * * * * * //

dimensions      [0 1 0 0 0 0 0];

internalField   nonuniform List<vector> 
1136
(
(0.020198 0.00244859 0.00240155)
(0.0251867 0.00229466 0.00247605)
(0.0301601 0.0021956 0.00243931)
(0.0352059 0.00216743 0.0024349)
(0.040234 0.00215703 0.00243469)
(0.0452451 0.00215237 0.00243469)
(0.0502492 0.00215012 0.00243467)
(0.0552505 0.00214909 0.00243464)
(0.0602508 0.00214869 0.00243461)
(0.0652509 0.00214856 0.0024346)
(0.0702509 0.00214854 0.00243459)
(0.0752509 0.00214855 0.00243459)
(0.0802509 0.00214856 0.00243459)
(0.0852509 0.00214856 0.00243459)
(0.0902509 0.00214856 0.00243459)
(0.0952509 0.00214856 0.00243459)
(0.100251 0.00214856 0.00243459)
(0.105251 0.00214856 0.00243459)
(0.110251 0.00214856 0.00243459)
(0.115251 0.00214856 0.00243459)
(0.120251 0.00214855 0.00243459)
(0.125251 0.00214854 0.00243459)
(0.130251 0.00214857 0.0024346)
(0.135251 0.00214869 0.00243461)
(0.140251 0.0021491 0.00243464)
(0.145253 0.00215014 0.00243467)
(0.150257 0.00215238 0.00243469)
(0.155268 0.00215705 0.00243469)
(0.160296 0.00216745 0.00243491)
(0.165342 0.00219569 0.00243935)
(0.170315 0.00229468 0.00247605)
(0.175304 0.00244858 0.00240155)
(0.0200399 0.00744505 0.0024745)
(0.0248284 0.00709095 0.00260701)
(0.0300138 0.00697973 0.00255463)
(0.0351426 0.00693527 0.00254703)
(0.0402085 0.00691462 0.0025465)
(0.0452363 0.0069031 0.00254631)
(0.0502467 0.00689607 0.00254617)
(0.0552499 0.00689225 0.00254609)
(0.0602508 0.00689057 0.00254604)
(0.0652509 0.00689001 0.00254601)
(0.0702509 0.00688989 0.00254601)
(0.0752509 0.00688989 0.002546)
(0.0802509 0.0068899 0.002546)
(0.0852509 0.00688991 0.002546)
(0.0902509 0.00688991 0.002546)
(0.0952509 0.00688991 0.002546)
(0.100251 0.00688991 0.002546)
(0.105251 0.00688991 0.002546)
(0.110251 0.00688991 0.002546)
(0.115251 0.0068899 0.002546)
(0.120251 0.00688989 0.002546)
(0.125251 0.00688989 0.00254601)
(0.130251 0.00689002 0.00254601)
(0.135251 0.0068906 0.00254604)
(0.140252 0.00689229 0.00254609)
(0.145255 0.00689613 0.00254618)
(0.150265 0.00690317 0.00254631)
(0.155293 0.00691468 0.00254651)
(0.160359 0.00693532 0.00254703)
(0.165488 0.00697983 0.00255462)
(0.170673 0.007091 0.00260697)
(0.175462 0.00744497 0.00247451)
(0.019948 0.0124261 0.00243908)
(0.0247209 0.0123018 0.00255508)
(0.0299353 0.0122322 0.00251224)
(0.0351026 0.0121968 0.00250661)
(0.0401922 0.0121729 0.00250635)
(0.0452312 0.0121521 0.00250611)
(0.0502456 0.0121356 0.00250588)
(0.0552498 0.0121259 0.00250574)
(0.0602507 0.0121216 0.00250567)
(0.0652508 0.0121201 0.00250564)
(0.0702509 0.0121198 0.00250562)
(0.0752509 0.0121198 0.00250562)
(0.0802509 0.0121198 0.00250561)
(0.0852509 0.0121198 0.00250561)
(0.0902509 0.0121198 0.00250561)
(0.0952509 0.0121198 0.00250561)
(0.100251 0.0121198 0.00250561)
(0.105251 0.0121198 0.00250561)
(0.110251 0.0121198 0.00250561)
(0.115251 0.0121198 0.00250561)
(0.120251 0.0121198 0.00250562)
(0.125251 0.0121198 0.00250562)
(0.130251 0.0121201 0.00250564)
(0.135251 0.0121217 0.00250567)
(0.140252 0.012126 0.00250574)
(0.145256 0.0121358 0.00250588)
(0.15027 0.0121523 0.00250611)
(0.155309 0.0121731 0.00250635)
(0.160399 0.0121969 0.00250661)
(0.165566 0.0122323 0.00251224)
(0.170781 0.0123018 0.00255509)
(0.175554 0.0124261 0.00243909)
(0.0199297 0.0174988 0.00243476)
(0.0246944 0.0174947 0.00254781)
(0.0299143 0.0174853 0.00250693)
(0.0350924 0.0174663 0.0025019)
(0.0401893 0.0174331 0.00250174)
(0.0452317 0.0173887 0.0025014)
(0.0502469 0.0173493 0.00250094)
(0.0552496 0.0173276 0.00250087)
(0.0602498 0.0173185 0.00250085)
(0.0652502 0.0173155 0.00250083)
(0.0702505 0.0173149 0.00250082)
(0.0752508 0.0173149 0.00250081)
(0.0802509 0.017315 0.0025008)
(0.0852509 0.017315 0.0025008)
(0.0902509 0.017315 0.0025008)
(0.0952509 0.017315 0.0025008)
(0.100251 0.017315 0.0025008)
(0.105251 0.017315 0.0025008)
(0.110251 0.017315 0.0025008)
(0.115251 0.017315 0.0025008)
(0.120251 0.0173149 0.00250081)
(0.125251 0.017315 0.00250082)
(0.130252 0.0173156 0.00250083)
(0.135252 0.0173186 0.00250085)
(0.140252 0.0173279 0.00250087)
(0.145255 0.0173498 0.00250094)
(0.15027 0.0173892 0.00250138)
(0.155312 0.0174336 0.00250174)
(0.160409 0.0174666 0.0025019)
(0.165587 0.0174855 0.00250693)
(0.170807 0.0174948 0.00254781)
(0.175572 0.0174989 0.00243476)
(0.0199481 0.0225715 0.00243912)
(0.0247215 0.0226873 0.00255515)
(0.0299372 0.0227363 0.00251237)
(0.0351072 0.0227276 0.00250658)
(0.0402008 0.0226693 0.00250548)
(0.0452417 0.022569 0.00250344)
(0.0502539 0.0224803 0.00250029)
(0.0552473 0.0224425 0.00250043)
(0.0602455 0.0224282 0.0025006)
(0.0652472 0.022424 0.00250069)
(0.0702491 0.0224233 0.00250069)
(0.0752502 0.0224234 0.00250068)
(0.0802507 0.0224235 0.00250067)
(0.0852508 0.0224236 0.00250066)
(0.0902509 0.0224236 0.00250066)
(0.0952509 0.0224236 0.00250066)
(0.100251 0.0224236 0.00250066)
(0.105251 0.0224236 0.00250066)
(0.110251 0.0224236 0.00250066)
(0.115251 0.0224236 0.00250067)
(0.120252 0.0224234 0.00250068)
(0.125253 0.0224234 0.00250069)
(0.130254 0.0224242 0.00250069)
(0.135256 0.0224286 0.0025006)
(0.140254 0.0224431 0.00250043)
(0.145247 0.0224812 0.0025003)
(0.150259 0.02257 0.00250331)
(0.1553 0.0226704 0.00250546)
(0.160394 0.0227282 0.00250657)
(0.165564 0.0227366 0.00251236)
(0.17078 0.0226874 0.00255514)
(0.175554 0.0225716 0.00243912)
(0.0200403 0.0275529 0.00247455)
(0.0248298 0.0278992 0.00260709)
(0.030018 0.0279901 0.00255501)
(0.0351537 0.0279824 0.00254672)
(0.040239 0.0278903 0.00253793)
(0.0452857 0.0276793 0.0025212)
(0.0502934 0.0275019 0.00249364)
(0.0552385 0.0274829 0.00249838)
(0.0602311 0.0274737 0.00250016)
(0.065238 0.0274714 0.00250044)
(0.0702449 0.0274715 0.0025005)
(0.0752486 0.0274719 0.00250048)
(0.0802501 0.0274722 0.00250046)
(0.0852507 0.0274723 0.00250044)
(0.0902508 0.0274723 0.00250043)
(0.0952509 0.0274723 0.00250043)
(0.100251 0.0274723 0.00250043)
(0.105251 0.0274723 0.00250043)
(0.110251 0.0274723 0.00250044)
(0.115252 0.0274722 0.00250046)
(0.120253 0.027472 0.00250048)
(0.125257 0.0274716 0.0025005)
(0.130263 0.0274717 0.00250043)
(0.13527 0.0274742 0.00250016)
(0.140263 0.0274837 0.00249838)
(0.145209 0.0275024 0.0024938)
(0.150217 0.027679 0.00251975)
(0.155261 0.0278915 0.00253751)
(0.160347 0.0279831 0.00254661)
(0.165483 0.0279905 0.00255498)
(0.170672 0.0278994 0.00260708)
(0.175462 0.027553 0.00247455)
(0.0201985 0.0325506 0.00240158)
(0.0251885 0.0327011 0.00247622)
(0.0301663 0.0327908 0.00243996)
(0.035223 0.0327906 0.00243663)
(0.0402794 0.0327351 0.00245102)
(0.0453382 0.0325917 0.00248728)
(0.0502702 0.0324751 0.00249544)
(0.0552211 0.0324456 0.00249348)
(0.0601935 0.0324812 0.00249972)
(0.0652166 0.0324877 0.0025002)
(0.0702357 0.0324896 0.00250036)
(0.0752453 0.0324905 0.00250033)
(0.0802491 0.0324909 0.00250028)
(0.0852504 0.0324911 0.00250024)
(0.0902508 0.0324911 0.00250023)
(0.0952509 0.0324911 0.00250022)
(0.100251 0.0324911 0.00250022)
(0.105251 0.0324911 0.00250023)
(0.110251 0.0324911 0.00250024)
(0.115253 0.032491 0.00250028)
(0.120256 0.0324906 0.00250032)
(0.125266 0.0324898 0.00250036)
(0.130285 0.0324881 0.0025002)
(0.135307 0.0324818 0.00249972)
(0.14028 0.0324447 0.00249333)
(0.145235 0.0324722 0.00249543)
(0.150163 0.0325917 0.00248701)
(0.15522 0.0327358 0.00245159)
(0.160278 0.0327909 0.00243677)
(0.165335 0.0327909 0.00243999)
(0.170313 0.0327012 0.00247623)
(0.175303 0.0325506 0.00240158)
(0.0501534 0.0374067 0.0024868)
(0.0550459 0.03745 0.00251921)
(0.0601055 0.0374854 0.00250252)
(0.0651784 0.0374933 0.00250038)
(0.070221 0.0374957 0.00250035)
(0.0752402 0.0374968 0.00250026)
(0.0802475 0.0374973 0.00250018)
(0.0852499 0.0374974 0.00250013)
(0.0902507 0.0374974 0.00250011)
(0.0952509 0.0374974 0.0025001)
(0.100251 0.0374974 0.0025001)
(0.105251 0.0374974 0.00250011)
(0.110252 0.0374974 0.00250013)
(0.115254 0.0374973 0.00250018)
(0.120262 0.0374969 0.00250026)
(0.125281 0.0374959 0.00250035)
(0.130323 0.0374937 0.0025004)
(0.135395 0.0374861 0.00250264)
(0.140456 0.0374489 0.00252067)
(0.145349 0.0374069 0.00248705)
(0.0500086 0.0424544 0.00245149)
(0.0548341 0.0424693 0.00253704)
(0.0600073 0.0424897 0.00250455)
(0.0651375 0.0424959 0.00250056)
(0.0702056 0.042498 0.0025004)
(0.0752349 0.0424989 0.00250027)
(0.0802459 0.0424992 0.00250015)
(0.0852495 0.0424993 0.00250008)
(0.0902505 0.0424993 0.00250005)
(0.0952508 0.0424993 0.00250004)
(0.100251 0.0424993 0.00250004)
(0.105251 0.0424993 0.00250005)
(0.110252 0.0424993 0.00250008)
(0.115256 0.0424992 0.00250015)
(0.120267 0.0424989 0.00250027)
(0.125296 0.0424981 0.0025004)
(0.130364 0.0424963 0.00250056)
(0.135493 0.0424905 0.00250458)
(0.140666 0.0424704 0.00253748)
(0.145492 0.0424565 0.00245093)
(0.049953 0.047489 0.00243687)
(0.0547446 0.0474926 0.00254588)
(0.0599546 0.0474966 0.00250552)
(0.0651134 0.0474986 0.00250063)
(0.0701962 0.0474994 0.00250044)
(0.0752316 0.0474997 0.00250029)
(0.0802449 0.0474998 0.00250015)
(0.0852492 0.0474999 0.00250007)
(0.0902505 0.0474999 0.00250003)
(0.0952508 0.0474999 0.00250002)
(0.100251 0.0474999 0.00250002)
(0.105251 0.0474999 0.00250003)
(0.110253 0.0474999 0.00250007)
(0.115257 0.0474998 0.00250015)
(0.12027 0.0474997 0.00250029)
(0.125305 0.0474994 0.00250044)
(0.130388 0.0474987 0.00250063)
(0.135546 0.0474968 0.00250554)
(0.140756 0.047493 0.00254602)
(0.145548 0.0474894 0.0024367)
(0.049953 0.052511 0.00243687)
(0.0547446 0.0525074 0.00254588)
(0.0599546 0.0525034 0.00250552)
(0.0651134 0.0525014 0.00250063)
(0.0701962 0.0525006 0.00250044)
(0.0752316 0.0525003 0.00250029)
(0.0802449 0.0525002 0.00250015)
(0.0852492 0.0525001 0.00250007)
(0.0902505 0.0525001 0.00250003)
(0.0952508 0.0525001 0.00250002)
(0.100251 0.0525001 0.00250002)
(0.105251 0.0525001 0.00250003)
(0.110253 0.0525001 0.00250007)
(0.115257 0.0525002 0.00250015)
(0.12027 0.0525003 0.00250029)
(0.125305 0.0525006 0.00250044)
(0.130388 0.0525013 0.00250063)
(0.135546 0.0525032 0.00250554)
(0.140756 0.052507 0.00254602)
(0.145548 0.0525106 0.0024367)
(0.0500086 0.0575456 0.00245149)
(0.0548341 0.0575307 0.00253704)
(0.0600073 0.0575103 0.00250455)
(0.0651375 0.0575041 0.00250056)
(0.0702056 0.057502 0.0025004)
(0.0752349 0.0575011 0.00250027)
(0.0802459 0.0575008 0.00250015)
(0.0852495 0.0575007 0.00250008)
(0.0902505 0.0575007 0.00250005)
(0.0952508 0.0575007 0.00250004)
(0.100251 0.0575007 0.00250004)
(0.105251 0.0575007 0.00250005)
(0.110252 0.0575007 0.00250008)
(0.115256 0.0575008 0.00250015)
(0.120267 0.0575011 0.00250027)
(0.125296 0.0575019 0.0025004)
(0.130364 0.0575037 0.00250056)
(0.135493 0.0575095 0.00250458)
(0.140666 0.0575296 0.00253748)
(0.145492 0.0575435 0.00245093)
(0.0501534 0.0625933 0.0024868)
(0.0550459 0.06255 0.00251921)
(0.0601055 0.0625146 0.00250252)
(0.0651784 0.0625067 0.00250038)
(0.070221 0.0625043 0.00250035)
(0.0752402 0.0625032 0.00250026)
(0.0802475 0.0625027 0.00250018)
(0.0852499 0.0625026 0.00250013)
(0.0902507 0.0625026 0.00250011)
(0.0952509 0.0625026 0.0025001)
(0.100251 0.0625026 0.0025001)
(0.105251 0.0625026 0.00250011)
(0.110252 0.0625026 0.00250013)
(0.115254 0.0625027 0.00250018)
(0.120262 0.0625031 0.00250026)
(0.125281 0.0625041 0.00250035)
(0.130323 0.0625063 0.0025004)
(0.135395 0.0625139 0.00250264)
(0.140456 0.0625511 0.00252067)
(0.145349 0.0625931 0.00248705)
(0.0201994 0.0674485 0.00240158)
(0.025193 0.0672943 0.00247477)
(0.0301677 0.067209 0.00243984)
(0.0352238 0.0672094 0.00243649)
(0.0402798 0.067265 0.00245098)
(0.0453383 0.0674083 0.00248726)
(0.0502702 0.0675249 0.00249544)
(0.0552211 0.0675544 0.00249348)
(0.0601935 0.0675188 0.00249972)
(0.0652166 0.0675123 0.0025002)
(0.0702357 0.0675104 0.00250036)
(0.0752453 0.0675095 0.00250033)
(0.0802491 0.0675091 0.00250028)
(0.0852504 0.0675089 0.00250024)
(0.0902508 0.0675089 0.00250023)
(0.0952509 0.0675089 0.00250022)
(0.100251 0.0675089 0.00250022)
(0.105251 0.0675089 0.00250023)
(0.110251 0.0675089 0.00250024)
(0.115253 0.067509 0.00250028)
(0.120256 0.0675094 0.00250032)
(0.125266 0.0675102 0.00250036)
(0.130285 0.0675119 0.0025002)
(0.135307 0.0675182 0.00249972)
(0.14028 0.0675553 0.00249333)
(0.145235 0.0675278 0.00249543)
(0.150163 0.0674083 0.00248702)
(0.15522 0.0672642 0.00245159)
(0.160278 0.0672091 0.00243677)
(0.165335 0.0672091 0.00243999)
(0.170313 0.0672988 0.00247623)
(0.175303 0.0674494 0.00240158)
(0.0200448 0.0724427 0.00247603)
(0.0248327 0.072098 0.00260713)
(0.0300188 0.0720092 0.0025554)
(0.0351545 0.0720176 0.0025468)
(0.0402394 0.0721098 0.00253795)
(0.0452858 0.0723208 0.0025212)
(0.0502934 0.0724981 0.00249365)
(0.0552386 0.0725171 0.00249838)
(0.0602311 0.0725263 0.00250016)
(0.065238 0.0725286 0.00250044)
(0.0702449 0.0725285 0.0025005)
(0.0752486 0.0725281 0.00250048)
(0.0802501 0.0725278 0.00250046)
(0.0852507 0.0725277 0.00250044)
(0.0902508 0.0725277 0.00250043)
(0.0952509 0.0725277 0.00250043)
(0.100251 0.0725277 0.00250043)
(0.105251 0.0725277 0.00250043)
(0.110251 0.0725277 0.00250044)
(0.115252 0.0725278 0.00250046)
(0.120253 0.072528 0.00250048)
(0.125257 0.0725284 0.0025005)
(0.130263 0.0725283 0.00250043)
(0.13527 0.0725258 0.00250016)
(0.140263 0.0725163 0.00249838)
(0.145209 0.0724976 0.0024938)
(0.150217 0.072321 0.00251975)
(0.155262 0.0721085 0.00253751)
(0.160347 0.0720169 0.00254661)
(0.165483 0.0720095 0.00255498)
(0.170672 0.0721006 0.00260708)
(0.175462 0.072447 0.00247455)
(0.0199482 0.0774275 0.00243924)
(0.0247222 0.0773123 0.00255474)
(0.0299377 0.0772634 0.00251237)
(0.0351076 0.0772724 0.0025066)
(0.040201 0.0773307 0.00250548)
(0.0452418 0.077431 0.00250344)
(0.050254 0.0775197 0.00250029)
(0.0552473 0.0775575 0.00250043)
(0.0602455 0.0775718 0.0025006)
(0.0652472 0.077576 0.00250069)
(0.0702491 0.0775767 0.00250069)
(0.0752502 0.0775766 0.00250068)
(0.0802507 0.0775765 0.00250067)
(0.0852508 0.0775764 0.00250066)
(0.0902509 0.0775764 0.00250066)
(0.0952509 0.0775764 0.00250065)
(0.100251 0.0775764 0.00250065)
(0.105251 0.0775764 0.00250066)
(0.110251 0.0775764 0.00250066)
(0.115251 0.0775765 0.00250067)
(0.120252 0.0775766 0.00250068)
(0.125253 0.0775766 0.00250069)
(0.130254 0.0775758 0.00250069)
(0.135256 0.0775714 0.0025006)
(0.140254 0.0775569 0.00250043)
(0.145247 0.0775188 0.0025003)
(0.150259 0.07743 0.00250331)
(0.1553 0.0773296 0.00250546)
(0.160394 0.0772718 0.00250657)
(0.165564 0.0772634 0.00251236)
(0.17078 0.0773126 0.00255514)
(0.175554 0.0774284 0.00243912)
(0.0199297 0.0825012 0.00243503)
(0.0246945 0.0825053 0.00254765)
(0.0299146 0.0825147 0.00250691)
(0.0350926 0.0825337 0.0025019)
(0.0401895 0.0825668 0.00250173)
(0.0452318 0.0826113 0.0025014)
(0.0502469 0.0826507 0.00250094)
(0.0552496 0.0826724 0.00250087)
(0.0602498 0.0826815 0.00250085)
(0.0652502 0.0826845 0.00250083)
(0.0702505 0.0826851 0.00250082)
(0.0752508 0.0826851 0.00250081)
(0.0802509 0.082685 0.0025008)
(0.0852509 0.082685 0.0025008)
(0.0902509 0.082685 0.0025008)
(0.0952509 0.082685 0.0025008)
(0.100251 0.082685 0.0025008)
(0.105251 0.082685 0.0025008)
(0.110251 0.082685 0.0025008)
(0.115251 0.082685 0.0025008)
(0.120251 0.0826851 0.00250081)
(0.125251 0.082685 0.00250082)
(0.130252 0.0826844 0.00250083)
(0.135252 0.0826814 0.00250085)
(0.140252 0.0826721 0.00250087)
(0.145255 0.0826502 0.00250094)
(0.15027 0.0826108 0.00250138)
(0.155312 0.0825664 0.00250173)
(0.160409 0.0825334 0.00250189)
(0.165587 0.0825145 0.00250693)
(0.170807 0.0825052 0.00254781)
(0.175572 0.0825011 0.00243476)
(0.0199482 0.0875749 0.00243925)
(0.0247216 0.0876987 0.00255468)
(0.0299358 0.0877681 0.00251224)
(0.035103 0.0878032 0.00250662)
(0.0401924 0.087827 0.00250636)
(0.0452313 0.0878479 0.00250612)
(0.0502457 0.0878644 0.00250588)
(0.0552498 0.0878741 0.00250574)
(0.0602507 0.0878784 0.00250567)
(0.0652508 0.0878799 0.00250564)
(0.0702509 0.0878802 0.00250562)
(0.0752509 0.0878802 0.00250562)
(0.0802509 0.0878802 0.00250561)
(0.0852509 0.0878802 0.00250561)
(0.0902509 0.0878802 0.00250561)
(0.0952509 0.0878802 0.00250561)
(0.100251 0.0878802 0.00250561)
(0.105251 0.0878802 0.00250561)
(0.110251 0.0878802 0.00250561)
(0.115251 0.0878802 0.00250561)
(0.120251 0.0878802 0.00250562)
(0.125251 0.0878802 0.00250562)
(0.130251 0.0878799 0.00250564)
(0.135251 0.0878783 0.00250567)
(0.140252 0.087874 0.00250574)
(0.145256 0.0878642 0.00250588)
(0.15027 0.0878477 0.00250611)
(0.155309 0.0878269 0.00250635)
(0.160399 0.0878031 0.00250661)
(0.165566 0.0877677 0.00251224)
(0.170781 0.0876982 0.00255509)
(0.175554 0.0875739 0.00243909)
(0.0200445 0.0925594 0.00247598)
(0.0248313 0.0929118 0.00260697)
(0.0300145 0.0930209 0.00255501)
(0.0351434 0.0930647 0.00254711)
(0.0402089 0.0930853 0.00254652)
(0.0452365 0.0930968 0.00254631)
(0.0502468 0.0931039 0.00254618)
(0.05525 0.0931077 0.00254609)
(0.0602508 0.0931094 0.00254604)
(0.0652509 0.09311 0.00254601)
(0.0702509 0.0931101 0.00254601)
(0.0752509 0.0931101 0.002546)
(0.0802509 0.0931101 0.002546)
(0.0852509 0.0931101 0.002546)
(0.0902509 0.0931101 0.002546)
(0.0952509 0.0931101 0.002546)
(0.100251 0.0931101 0.002546)
(0.105251 0.0931101 0.002546)
(0.110251 0.0931101 0.002546)
(0.115251 0.0931101 0.002546)
(0.120251 0.0931101 0.002546)
(0.125251 0.0931101 0.00254601)
(0.130251 0.09311 0.00254601)
(0.135251 0.0931094 0.00254604)
(0.140252 0.0931077 0.00254609)
(0.145255 0.0931039 0.00254618)
(0.150265 0.0930968 0.00254631)
(0.155293 0.0930853 0.0025465)
(0.160359 0.0930647 0.00254703)
(0.165488 0.0930202 0.00255462)
(0.170673 0.092909 0.00260697)
(0.175462 0.092555 0.00247451)
(0.0201989 0.0975524 0.00240155)
(0.0251912 0.0977099 0.0024746)
(0.0301613 0.0978046 0.00243924)
(0.0352068 0.0978326 0.00243477)
(0.0402343 0.0978429 0.00243463)
(0.0452452 0.0978476 0.00243467)
(0.0502492 0.0978499 0.00243466)
(0.0552505 0.0978509 0.00243463)
(0.0602508 0.0978513 0.00243461)
(0.0652509 0.0978514 0.0024346)
(0.0702509 0.0978515 0.00243459)
(0.0752509 0.0978515 0.00243459)
(0.0802509 0.0978514 0.00243459)
(0.0852509 0.0978514 0.00243459)
(0.0902509 0.0978514 0.00243459)
(0.0952509 0.0978514 0.00243459)
(0.100251 0.0978514 0.00243459)
(0.105251 0.0978514 0.00243459)
(0.110251 0.0978514 0.00243459)
(0.115251 0.0978514 0.00243459)
(0.120251 0.0978515 0.00243459)
(0.125251 0.0978515 0.00243459)
(0.130251 0.0978514 0.0024346)
(0.135251 0.0978513 0.00243461)
(0.140251 0.0978509 0.00243464)
(0.145253 0.0978499 0.00243467)
(0.150257 0.0978476 0.00243469)
(0.155268 0.097843 0.00243469)
(0.160296 0.0978326 0.00243491)
(0.165342 0.0978043 0.00243935)
(0.170315 0.0977053 0.00247605)
(0.175304 0.0975514 0.00240155)
(0.020198 0.00244859 0.00759845)
(0.0251867 0.00229466 0.00752395)
(0.0301601 0.0021956 0.00756069)
(0.0352059 0.00216743 0.0075651)
(0.040234 0.00215703 0.00756531)
(0.0452451 0.00215237 0.00756531)
(0.0502492 0.00215012 0.00756533)
(0.0552505 0.00214909 0.00756536)
(0.0602508 0.00214869 0.00756539)
(0.0652509 0.00214856 0.0075654)
(0.0702509 0.00214854 0.00756541)
(0.0752509 0.00214855 0.00756541)
(0.0802509 0.00214856 0.00756541)
(0.0852509 0.00214856 0.00756541)
(0.0902509 0.00214856 0.00756541)
(0.0952509 0.00214856 0.00756541)
(0.100251 0.00214856 0.00756541)
(0.105251 0.00214856 0.00756541)
(0.110251 0.00214856 0.00756541)
(0.115251 0.00214856 0.00756541)
(0.120251 0.00214855 0.00756541)
(0.125251 0.00214854 0.00756541)
(0.130251 0.00214857 0.0075654)
(0.135251 0.00214869 0.00756539)
(0.140251 0.0021491 0.00756536)
(0.145253 0.00215014 0.00756533)
(0.150257 0.00215238 0.00756531)
(0.155268 0.00215705 0.00756531)
(0.160296 0.00216745 0.00756509)
(0.165342 0.00219569 0.00756065)
(0.170315 0.00229468 0.00752395)
(0.175304 0.00244858 0.00759845)
(0.0200399 0.00744505 0.0075255)
(0.0248284 0.00709095 0.00739299)
(0.0300138 0.00697973 0.00744537)
(0.0351426 0.00693527 0.00745297)
(0.0402085 0.00691462 0.00745349)
(0.0452363 0.0069031 0.00745369)
(0.0502467 0.00689607 0.00745383)
(0.0552499 0.00689225 0.00745391)
(0.0602508 0.00689057 0.00745396)
(0.0652509 0.00689001 0.00745399)
(0.0702509 0.00688989 0.00745399)
(0.0752509 0.00688989 0.007454)
(0.0802509 0.0068899 0.007454)
(0.0852509 0.00688991 0.007454)
(0.0902509 0.00688991 0.007454)
(0.0952509 0.00688991 0.007454)
(0.100251 0.00688991 0.007454)
(0.105251 0.00688991 0.007454)
(0.110251 0.00688991 0.007454)
(0.115251 0.0068899 0.007454)
(0.120251 0.00688989 0.007454)
(0.125251 0.00688989 0.00745399)
(0.130251 0.00689002 0.00745399)
(0.135251 0.0068906 0.00745396)
(0.140252 0.00689229 0.00745391)
(0.145255 0.00689613 0.00745382)
(0.150265 0.00690317 0.00745369)
(0.155293 0.00691468 0.00745349)
(0.160359 0.00693532 0.00745297)
(0.165488 0.00697983 0.00744538)
(0.170673 0.007091 0.00739303)
(0.175462 0.00744497 0.00752549)
(0.019948 0.0124261 0.00756092)
(0.0247209 0.0123018 0.00744492)
(0.0299353 0.0122322 0.00748776)
(0.0351026 0.0121968 0.00749339)
(0.0401922 0.0121729 0.00749365)
(0.0452312 0.0121521 0.00749389)
(0.0502456 0.0121356 0.00749412)
(0.0552498 0.0121259 0.00749426)
(0.0602507 0.0121216 0.00749433)
(0.0652508 0.0121201 0.00749436)
(0.0702509 0.0121198 0.00749438)
(0.0752509 0.0121198 0.00749438)
(0.0802509 0.0121198 0.00749439)
(0.0852509 0.0121198 0.00749439)
(0.0902509 0.0121198 0.00749439)
(0.0952509 0.0121198 0.00749439)
(0.100251 0.0121198 0.00749439)
(0.105251 0.0121198 0.00749439)
(0.110251 0.0121198 0.00749439)
(0.115251 0.0121198 0.00749439)
(0.120251 0.0121198 0.00749438)
(0.125251 0.0121198 0.00749438)
(0.130251 0.0121201 0.00749436)
(0.135251 0.0121217 0.00749433)
(0.140252 0.012126 0.00749426)
(0.145256 0.0121358 0.00749412)
(0.15027 0.0121523 0.00749389)
(0.155309 0.0121731 0.00749365)
(0.160399 0.0121969 0.00749339)
(0.165566 0.0122323 0.00748776)
(0.170781 0.0123018 0.00744491)
(0.175554 0.0124261 0.00756091)
(0.0199297 0.0174988 0.00756524)
(0.0246944 0.0174947 0.00745219)
(0.0299143 0.0174853 0.00749307)
(0.0350924 0.0174663 0.0074981)
(0.0401893 0.0174331 0.00749826)
(0.0452317 0.0173887 0.0074986)
(0.0502469 0.0173493 0.00749906)
(0.0552496 0.0173276 0.00749913)
(0.0602498 0.0173185 0.00749915)
(0.0652502 0.0173155 0.00749917)
(0.0702505 0.0173149 0.00749918)
(0.0752508 0.0173149 0.00749919)
(0.0802509 0.017315 0.0074992)
(0.0852509 0.017315 0.0074992)
(0.0902509 0.017315 0.0074992)
(0.0952509 0.017315 0.0074992)
(0.100251 0.017315 0.0074992)
(0.105251 0.017315 0.0074992)
(0.110251 0.017315 0.0074992)
(0.115251 0.017315 0.0074992)
(0.120251 0.0173149 0.00749919)
(0.125251 0.017315 0.00749918)
(0.130252 0.0173156 0.00749917)
(0.135252 0.0173186 0.00749915)
(0.140252 0.0173279 0.00749913)
(0.145255 0.0173498 0.00749906)
(0.15027 0.0173892 0.00749862)
(0.155312 0.0174336 0.00749826)
(0.160409 0.0174666 0.0074981)
(0.165587 0.0174855 0.00749307)
(0.170807 0.0174948 0.00745219)
(0.175572 0.0174989 0.00756524)
(0.0199481 0.0225715 0.00756088)
(0.0247215 0.0226873 0.00744485)
(0.0299372 0.0227363 0.00748763)
(0.0351072 0.0227276 0.00749341)
(0.0402008 0.0226693 0.00749452)
(0.0452417 0.022569 0.00749656)
(0.0502539 0.0224803 0.00749971)
(0.0552473 0.0224425 0.00749957)
(0.0602455 0.0224282 0.0074994)
(0.0652472 0.022424 0.00749931)
(0.0702491 0.0224233 0.00749931)
(0.0752502 0.0224234 0.00749932)
(0.0802507 0.0224235 0.00749933)
(0.0852508 0.0224236 0.00749934)
(0.0902509 0.0224236 0.00749934)
(0.0952509 0.0224236 0.00749934)
(0.100251 0.0224236 0.00749934)
(0.105251 0.0224236 0.00749934)
(0.110251 0.0224236 0.00749934)
(0.115251 0.0224236 0.00749933)
(0.120252 0.0224234 0.00749932)
(0.125253 0.0224234 0.00749931)
(0.130254 0.0224242 0.00749931)
(0.135256 0.0224286 0.0074994)
(0.140254 0.0224431 0.00749957)
(0.145247 0.0224812 0.0074997)
(0.150259 0.02257 0.00749669)
(0.1553 0.0226704 0.00749454)
(0.160394 0.0227282 0.00749343)
(0.165564 0.0227366 0.00748764)
(0.17078 0.0226874 0.00744486)
(0.175554 0.0225716 0.00756088)
(0.0200403 0.0275529 0.00752545)
(0.0248298 0.0278992 0.00739291)
(0.030018 0.0279901 0.00744499)
(0.0351537 0.0279824 0.00745328)
(0.040239 0.0278903 0.00746207)
(0.0452857 0.0276793 0.0074788)
(0.0502934 0.0275019 0.00750635)
(0.0552385 0.0274829 0.00750162)
(0.0602311 0.0274737 0.00749984)
(0.065238 0.0274714 0.00749956)
(0.0702449 0.0274715 0.0074995)
(0.0752486 0.0274719 0.00749952)
(0.0802501 0.0274722 0.00749954)
(0.0852507 0.0274723 0.00749956)
(0.0902508 0.0274723 0.00749957)
(0.0952509 0.0274723 0.00749957)
(0.100251 0.0274723 0.00749957)
(0.105251 0.0274723 0.00749957)
(0.110251 0.0274723 0.00749956)
(0.115252 0.0274722 0.00749954)
(0.120253 0.027472 0.00749952)
(0.125257 0.0274716 0.0074995)
(0.130263 0.0274717 0.00749957)
(0.13527 0.0274742 0.00749984)
(0.140263 0.0274837 0.00750162)
(0.145209 0.0275024 0.0075062)
(0.150217 0.027679 0.00748025)
(0.155261 0.0278915 0.00746249)
(0.160347 0.0279831 0.00745339)
(0.165483 0.0279905 0.00744502)
(0.170672 0.0278994 0.00739292)
(0.175462 0.027553 0.00752545)
(0.0201985 0.0325506 0.00759842)
(0.0251885 0.0327011 0.00752378)
(0.0301663 0.0327908 0.00756004)
(0.035223 0.0327906 0.00756337)
(0.0402794 0.0327351 0.00754898)
(0.0453382 0.0325917 0.00751272)
(0.0502702 0.0324751 0.00750456)
(0.0552211 0.0324456 0.00750652)
(0.0601935 0.0324812 0.00750028)
(0.0652166 0.0324877 0.0074998)
(0.0702357 0.0324896 0.00749964)
(0.0752453 0.0324905 0.00749967)
(0.0802491 0.0324909 0.00749972)
(0.0852504 0.0324911 0.00749976)
(0.0902508 0.0324911 0.00749977)
(0.0952509 0.0324911 0.00749978)
(0.100251 0.0324911 0.00749978)
(0.105251 0.0324911 0.00749977)
(0.110251 0.0324911 0.00749976)
(0.115253 0.032491 0.00749972)
(0.120256 0.0324906 0.00749968)
(0.125266 0.0324898 0.00749964)
(0.130285 0.0324881 0.0074998)
(0.135307 0.0324818 0.00750028)
(0.14028 0.0324447 0.00750667)
(0.145235 0.0324722 0.00750457)
(0.150163 0.0325917 0.00751299)
(0.15522 0.0327358 0.00754841)
(0.160278 0.0327909 0.00756323)
(0.165335 0.0327909 0.00756001)
(0.170313 0.0327012 0.00752377)
(0.175303 0.0325506 0.00759842)
(0.0501534 0.0374067 0.0075132)
(0.0550459 0.03745 0.00748079)
(0.0601055 0.0374854 0.00749748)
(0.0651784 0.0374933 0.00749962)
(0.070221 0.0374957 0.00749965)
(0.0752402 0.0374968 0.00749973)
(0.0802475 0.0374973 0.00749982)
(0.0852499 0.0374974 0.00749987)
(0.0902507 0.0374974 0.00749989)
(0.0952509 0.0374974 0.0074999)
(0.100251 0.0374974 0.0074999)
(0.105251 0.0374974 0.00749989)
(0.110252 0.0374974 0.00749987)
(0.115254 0.0374973 0.00749982)
(0.120262 0.0374969 0.00749974)
(0.125281 0.0374959 0.00749965)
(0.130323 0.0374937 0.0074996)
(0.135395 0.0374861 0.00749736)
(0.140456 0.0374489 0.00747933)
(0.145349 0.0374069 0.00751295)
(0.0500086 0.0424544 0.00754851)
(0.0548341 0.0424693 0.00746296)
(0.0600073 0.0424897 0.00749545)
(0.0651375 0.0424959 0.00749944)
(0.0702056 0.042498 0.0074996)
(0.0752349 0.0424989 0.00749973)
(0.0802459 0.0424992 0.00749985)
(0.0852495 0.0424993 0.00749992)
(0.0902505 0.0424993 0.00749995)
(0.0952508 0.0424993 0.00749996)
(0.100251 0.0424993 0.00749996)
(0.105251 0.0424993 0.00749995)
(0.110252 0.0424993 0.00749992)
(0.115256 0.0424992 0.00749985)
(0.120267 0.0424989 0.00749973)
(0.125296 0.0424981 0.0074996)
(0.130364 0.0424963 0.00749944)
(0.135493 0.0424905 0.00749542)
(0.140666 0.0424704 0.00746252)
(0.145492 0.0424565 0.00754907)
(0.049953 0.047489 0.00756313)
(0.0547446 0.0474926 0.00745412)
(0.0599546 0.0474966 0.00749448)
(0.0651134 0.0474986 0.00749937)
(0.0701962 0.0474994 0.00749956)
(0.0752316 0.0474997 0.00749971)
(0.0802449 0.0474998 0.00749985)
(0.0852492 0.0474999 0.00749993)
(0.0902505 0.0474999 0.00749997)
(0.0952508 0.0474999 0.00749998)
(0.100251 0.0474999 0.00749998)
(0.105251 0.0474999 0.00749997)
(0.110253 0.0474999 0.00749993)
(0.115257 0.0474998 0.00749985)
(0.12027 0.0474997 0.00749971)
(0.125305 0.0474994 0.00749956)
(0.130388 0.0474987 0.00749937)
(0.135546 0.0474968 0.00749446)
(0.140756 0.047493 0.00745398)
(0.145548 0.0474894 0.0075633)
(0.049953 0.052511 0.00756313)
(0.0547446 0.0525074 0.00745412)
(0.0599546 0.0525034 0.00749448)
(0.0651134 0.0525014 0.00749937)
(0.0701962 0.0525006 0.00749956)
(0.0752316 0.0525003 0.00749971)
(0.0802449 0.0525002 0.00749985)
(0.0852492 0.0525001 0.00749993)
(0.0902505 0.0525001 0.00749997)
(0.0952508 0.0525001 0.00749998)
(0.100251 0.0525001 0.00749998)
(0.105251 0.0525001 0.00749997)
(0.110253 0.0525001 0.00749993)
(0.115257 0.0525002 0.00749985)
(0.12027 0.0525003 0.00749971)
(0.125305 0.0525006 0.00749956)
(0.130388 0.0525013 0.00749937)
(0.135546 0.0525032 0.00749446)
(0.140756 0.052507 0.00745398)
(0.145548 0.0525106 0.0075633)
(0.0500086 0.0575456 0.00754851)
(0.0548341 0.0575307 0.00746296)
(0.0600073 0.0575103 0.00749545)
(0.0651375 0.0575041 0.00749944)
(0.0702056 0.057502 0.0074996)
(0.0752349 0.0575011 0.00749973)
(0.0802459 0.0575008 0.00749985)
(0.0852495 0.0575007 0.00749992)
(0.0902505 0.0575007 0.00749995)
(0.0952508 0.0575007 0.00749996)
(0.100251 0.0575007 0.00749996)
(0.105251 0.0575007 0.00749995)
(0.110252 0.0575007 0.00749992)
(0.115256 0.0575008 0.00749985)
(0.120267 0.0575011 0.00749973)
(0.125296 0.0575019 0.0074996)
(0.130364 0.0575037 0.00749944)
(0.135493 0.0575095 0.00749542)
(0.140666 0.0575296 0.00746252)
(0.145492 0.0575435 0.00754907)
(0.0501534 0.0625933 0.0075132)
(0.0550459 0.06255 0.00748079)
(0.0601055 0.0625146 0.00749748)
(0.0651784 0.0625067 0.00749962)
(0.070221 0.0625043 0.00749965)
(0.0752402 0.0625032 0.00749973)
(0.0802475 0.0625027 0.00749982)
(0.0852499 0.0625026 0.00749987)
(0.0902507 0.0625026 0.00749989)
(0.0952509 0.0625026 0.0074999)
(0.100251 0.0625026 0.0074999)
(0.105251 0.0625026 0.00749989)
(0.110252 0.0625026 0.00749987)
(0.115254 0.0625027 0.00749982)
(0.120262 0.0625031 0.00749974)
(0.125281 0.0625041 0.00749965)
(0.130323 0.0625063 0.0074996)
(0.135395 0.0625139 0.00749736)
(0.140456 0.0625511 0.00747933)
(0.145349 0.0625931 0.00751295)
(0.0201994 0.0674485 0.00759842)
(0.025193 0.0672943 0.00752523)
(0.0301677 0.067209 0.00756016)
(0.0352238 0.0672094 0.00756351)
(0.0402798 0.067265 0.00754902)
(0.0453383 0.0674083 0.00751274)
(0.0502702 0.0675249 0.00750456)
(0.0552211 0.0675544 0.00750652)
(0.0601935 0.0675188 0.00750028)
(0.0652166 0.0675123 0.0074998)
(0.0702357 0.0675104 0.00749964)
(0.0752453 0.0675095 0.00749967)
(0.0802491 0.0675091 0.00749972)
(0.0852504 0.0675089 0.00749976)
(0.0902508 0.0675089 0.00749977)
(0.0952509 0.0675089 0.00749978)
(0.100251 0.0675089 0.00749978)
(0.105251 0.0675089 0.00749977)
(0.110251 0.0675089 0.00749976)
(0.115253 0.067509 0.00749972)
(0.120256 0.0675094 0.00749967)
(0.125266 0.0675102 0.00749964)
(0.130285 0.0675119 0.0074998)
(0.135307 0.0675182 0.00750028)
(0.14028 0.0675553 0.00750667)
(0.145235 0.0675278 0.00750457)
(0.150163 0.0674083 0.00751298)
(0.15522 0.0672642 0.00754841)
(0.160278 0.0672091 0.00756323)
(0.165335 0.0672091 0.00756001)
(0.170313 0.0672988 0.00752377)
(0.175303 0.0674494 0.00759842)
(0.0200448 0.0724427 0.00752397)
(0.0248327 0.072098 0.00739287)
(0.0300188 0.0720092 0.0074446)
(0.0351545 0.0720176 0.0074532)
(0.0402394 0.0721098 0.00746205)
(0.0452858 0.0723208 0.0074788)
(0.0502934 0.0724981 0.00750635)
(0.0552386 0.0725171 0.00750162)
(0.0602311 0.0725263 0.00749984)
(0.065238 0.0725286 0.00749956)
(0.0702449 0.0725285 0.0074995)
(0.0752486 0.0725281 0.00749952)
(0.0802501 0.0725278 0.00749954)
(0.0852507 0.0725277 0.00749956)
(0.0902508 0.0725277 0.00749957)
(0.0952509 0.0725277 0.00749957)
(0.100251 0.0725277 0.00749957)
(0.105251 0.0725277 0.00749957)
(0.110251 0.0725277 0.00749956)
(0.115252 0.0725278 0.00749954)
(0.120253 0.072528 0.00749952)
(0.125257 0.0725284 0.0074995)
(0.130263 0.0725283 0.00749957)
(0.13527 0.0725258 0.00749984)
(0.140263 0.0725163 0.00750162)
(0.145209 0.0724976 0.0075062)
(0.150217 0.072321 0.00748025)
(0.155262 0.0721085 0.00746249)
(0.160347 0.0720169 0.00745339)
(0.165483 0.0720095 0.00744502)
(0.170672 0.0721006 0.00739292)
(0.175462 0.072447 0.00752545)
(0.0199482 0.0774275 0.00756076)
(0.0247222 0.0773123 0.00744526)
(0.0299377 0.0772634 0.00748763)
(0.0351076 0.0772724 0.0074934)
(0.040201 0.0773307 0.00749452)
(0.0452418 0.077431 0.00749656)
(0.050254 0.0775197 0.00749971)
(0.0552473 0.0775575 0.00749957)
(0.0602455 0.0775718 0.0074994)
(0.0652472 0.077576 0.00749931)
(0.0702491 0.0775767 0.00749931)
(0.0752502 0.0775766 0.00749932)
(0.0802507 0.0775765 0.00749933)
(0.0852508 0.0775764 0.00749934)
(0.0902509 0.0775764 0.00749934)
(0.0952509 0.0775764 0.00749934)
(0.100251 0.0775764 0.00749934)
(0.105251 0.0775764 0.00749934)
(0.110251 0.0775764 0.00749934)
(0.115251 0.0775765 0.00749933)
(0.120252 0.0775766 0.00749932)
(0.125253 0.0775766 0.00749931)
(0.130254 0.0775758 0.00749931)
(0.135256 0.0775714 0.0074994)
(0.140254 0.0775569 0.00749957)
(0.145247 0.0775188 0.0074997)
(0.150259 0.07743 0.00749669)
(0.1553 0.0773296 0.00749454)
(0.160394 0.0772718 0.00749343)
(0.165564 0.0772634 0.00748764)
(0.17078 0.0773126 0.00744486)
(0.175554 0.0774284 0.00756088)
(0.0199297 0.0825012 0.00756497)
(0.0246945 0.0825053 0.00745235)
(0.0299146 0.0825147 0.00749309)
(0.0350926 0.0825337 0.0074981)
(0.0401895 0.0825668 0.00749827)
(0.0452318 0.0826113 0.0074986)
(0.0502469 0.0826507 0.00749906)
(0.0552496 0.0826724 0.00749913)
(0.0602498 0.0826815 0.00749915)
(0.0652502 0.0826845 0.00749917)
(0.0702505 0.0826851 0.00749918)
(0.0752508 0.0826851 0.00749919)
(0.0802509 0.082685 0.0074992)
(0.0852509 0.082685 0.0074992)
(0.0902509 0.082685 0.0074992)
(0.0952509 0.082685 0.0074992)
(0.100251 0.082685 0.0074992)
(0.105251 0.082685 0.0074992)
(0.110251 0.082685 0.0074992)
(0.115251 0.082685 0.0074992)
(0.120251 0.0826851 0.00749919)
(0.125251 0.082685 0.00749918)
(0.130252 0.0826844 0.00749917)
(0.135252 0.0826814 0.00749915)
(0.140252 0.0826721 0.00749913)
(0.145255 0.0826502 0.00749906)
(0.15027 0.0826108 0.00749862)
(0.155312 0.0825664 0.00749827)
(0.160409 0.0825334 0.00749811)
(0.165587 0.0825145 0.00749307)
(0.170807 0.0825052 0.00745219)
(0.175572 0.0825011 0.00756524)
(0.0199482 0.0875749 0.00756075)
(0.0247216 0.0876987 0.00744532)
(0.0299358 0.0877681 0.00748776)
(0.035103 0.0878032 0.00749338)
(0.0401924 0.087827 0.00749364)
(0.0452313 0.0878479 0.00749388)
(0.0502457 0.0878644 0.00749412)
(0.0552498 0.0878741 0.00749426)
(0.0602507 0.0878784 0.00749433)
(0.0652508 0.0878799 0.00749436)
(0.0702509 0.0878802 0.00749438)
(0.0752509 0.0878802 0.00749438)
(0.0802509 0.0878802 0.00749439)
(0.0852509 0.0878802 0.00749439)
(0.0902509 0.0878802 0.00749439)
(0.0952509 0.0878802 0.00749439)
(0.100251 0.0878802 0.00749439)
(0.105251 0.0878802 0.00749439)
(0.110251 0.0878802 0.00749439)
(0.115251 0.0878802 0.00749439)
(0.120251 0.0878802 0.00749438)
(0.125251 0.0878802 0.00749438)
(0.130251 0.0878799 0.00749436)
(0.135251 0.0878783 0.00749433)
(0.140252 0.087874 0.00749426)
(0.145256 0.0878642 0.00749412)
(0.15027 0.0878477 0.00749388)
(0.155309 0.0878269 0.00749365)
(0.160399 0.0878031 0.00749339)
(0.165566 0.0877677 0.00748776)
(0.170781 0.0876982 0.00744491)
(0.175554 0.0875739 0.00756091)
(0.0200445 0.0925594 0.00752402)
(0.0248313 0.0929118 0.00739303)
(0.0300145 0.0930209 0.00744499)
(0.0351434 0.0930647 0.00745289)
(0.0402089 0.0930853 0.00745348)
(0.0452365 0.0930968 0.00745369)
(0.0502468 0.0931039 0.00745382)
(0.05525 0.0931077 0.00745391)
(0.0602508 0.0931094 0.00745396)
(0.0652509 0.09311 0.00745399)
(0.0702509 0.0931101 0.00745399)
(0.0752509 0.0931101 0.007454)
(0.0802509 0.0931101 0.007454)
(0.0852509 0.0931101 0.007454)
(0.0902509 0.0931101 0.007454)
(0.0952509 0.0931101 0.007454)
(0.100251 0.0931101 0.007454)
(0.105251 0.0931101 0.007454)
(0.110251 0.0931101 0.007454)
(0.115251 0.0931101 0.007454)
(0.120251 0.0931101 0.007454)
(0.125251 0.0931101 0.00745399)
(0.130251 0.09311 0.00745399)
(0.135251 0.0931094 0.00745396)
(0.140252 0.0931077 0.00745391)
(0.145255 0.0931039 0.00745382)
(0.150265 0.0930968 0.00745369)
(0.155293 0.0930853 0.00745349)
(0.160359 0.0930647 0.00745297)
(0.165488 0.0930202 0.00744538)
(0.170673 0.092909 0.00739303)
(0.175462 0.092555 0.00752549)
(0.0201989 0.0975524 0.00759844)
(0.0251912 0.0977099 0.0075254)
(0.0301613 0.0978046 0.00756076)
(0.0352068 0.0978326 0.00756523)
(0.0402343 0.0978429 0.00756537)
(0.0452452 0.0978476 0.00756533)
(0.0502492 0.0978499 0.00756534)
(0.0552505 0.0978509 0.00756537)
(0.0602508 0.0978513 0.00756539)
(0.0652509 0.0978514 0.0075654)
(0.0702509 0.0978515 0.00756541)
(0.0752509 0.0978515 0.00756541)
(0.0802509 0.0978514 0.00756541)
(0.0852509 0.0978514 0.00756541)
(0.0902509 0.0978514 0.00756541)
(0.0952509 0.0978514 0.00756541)
(0.100251 0.0978514 0.00756541)
(0.105251 0.0978514 0.00756541)
(0.110251 0.0978514 0.00756541)
(0.115251 0.0978514 0.00756541)
(0.120251 0.0978515 0.00756541)
(0.125251 0.0978515 0.00756541)
(0.130251 0.0978514 0.0075654)
(0.135251 0.0978513 0.00756539)
(0.140251 0.0978509 0.00756536)
(0.145253 0.0978499 0.00756533)
(0.150257 0.0978476 0.00756531)
(0.155268 0.097843 0.00756531)
(0.160296 0.0978326 0.00756509)
(0.165342 0.0978043 0.00756065)
(0.170315 0.0977053 0.00752395)
(0.175304 0.0975514 0.00759845)
)
;

boundaryField
{
    patch_1_0
    {
        type            calculated;
        value           nonuniform List<vector> 
184
(
(0.177751 0.00273407 0.00246971)
(0.177751 0.00774535 0.00252876)
(0.177751 0.0125102 0.00250569)
(0.177751 0.0175 0.00250242)
(0.177751 0.0224898 0.00250569)
(0.177751 0.0272546 0.00252877)
(0.177751 0.0322659 0.00246971)
(0.177751 0.0677341 0.00246971)
(0.177751 0.0727454 0.00252877)
(0.177751 0.0775102 0.00250569)
(0.177751 0.0825 0.00250242)
(0.177751 0.0874898 0.00250569)
(0.177751 0.0922546 0.00252876)
(0.0204848 0.1 0.00246967)
(0.0254957 0.1 0.00252864)
(0.0302591 0.1 0.00250534)
(0.0352442 0.1 0.00250121)
(0.0402489 0.1 0.00250034)
(0.0452503 0.1 0.00250011)
(0.0502507 0.1 0.00250004)
(0.0552509 0.1 0.00250001)
(0.0602509 0.1 0.0025)
(0.0652509 0.1 0.0025)
(0.0702509 0.1 0.0025)
(0.0752509 0.1 0.0025)
(0.0802509 0.1 0.0025)
(0.0852509 0.1 0.0025)
(0.0902509 0.1 0.0025)
(0.0952509 0.1 0.0025)
(0.100251 0.1 0.0025)
(0.105251 0.1 0.0025)
(0.110251 0.1 0.0025)
(0.115251 0.1 0.0025)
(0.120251 0.1 0.0025)
(0.125251 0.1 0.0025)
(0.130251 0.1 0.0025)
(0.135251 0.1 0.0025)
(0.140251 0.1 0.00250001)
(0.145251 0.1 0.00250004)
(0.150252 0.1 0.00250013)
(0.155253 0.1 0.00250039)
(0.160258 0.1 0.00250132)
(0.165244 0.1 0.0025055)
(0.170006 0.1 0.0025279)
(0.177751 0.0972659 0.00246971)
(0.175016 0.1 0.00247003)
(0.177751 0.00273407 0.00753029)
(0.177751 0.00774535 0.00747124)
(0.177751 0.0125102 0.00749431)
(0.177751 0.0175 0.00749758)
(0.177751 0.0224898 0.00749431)
(0.177751 0.0272546 0.00747123)
(0.177751 0.0322659 0.00753029)
(0.177751 0.0677341 0.00753029)
(0.177751 0.0727454 0.00747123)
(0.177751 0.0775102 0.00749431)
(0.177751 0.0825 0.00749758)
(0.177751 0.0874898 0.00749431)
(0.177751 0.0922546 0.00747124)
(0.0204848 0.1 0.00753033)
(0.0254957 0.1 0.00747136)
(0.0302591 0.1 0.00749466)
(0.0352442 0.1 0.00749879)
(0.0402489 0.1 0.00749966)
(0.0452503 0.1 0.00749989)
(0.0502507 0.1 0.00749996)
(0.0552509 0.1 0.00749999)
(0.0602509 0.1 0.0075)
(0.0652509 0.1 0.0075)
(0.0702509 0.1 0.0075)
(0.0752509 0.1 0.0075)
(0.0802509 0.1 0.0075)
(0.0852509 0.1 0.0075)
(0.0902509 0.1 0.0075)
(0.0952509 0.1 0.0075)
(0.100251 0.1 0.0075)
(0.105251 0.1 0.0075)
(0.110251 0.1 0.0075)
(0.115251 0.1 0.0075)
(0.120251 0.1 0.0075)
(0.125251 0.1 0.0075)
(0.130251 0.1 0.0075)
(0.135251 0.1 0.0075)
(0.140251 0.1 0.00749999)
(0.145251 0.1 0.00749996)
(0.150252 0.1 0.00749987)
(0.155253 0.1 0.00749961)
(0.160258 0.1 0.00749868)
(0.165244 0.1 0.0074945)
(0.170006 0.1 0.0074721)
(0.177751 0.0972659 0.00753029)
(0.175016 0.1 0.00752997)
(0.020486 0 0.00247003)
(0.0254959 0 0.0025279)
(0.0302576 0 0.0025055)
(0.0352435 0 0.00250132)
(0.0402487 0 0.00250039)
(0.0452502 0 0.00250013)
(0.0502507 0 0.00250004)
(0.0552509 0 0.00250001)
(0.0602509 0 0.0025)
(0.0652509 0 0.0025)
(0.0702509 0 0.0025)
(0.0752509 0 0.0025)
(0.0802509 0 0.0025)
(0.0852509 0 0.0025)
(0.0902509 0 0.0025)
(0.0952509 0 0.0025)
(0.100251 0 0.0025)
(0.105251 0 0.0025)
(0.110251 0 0.0025)
(0.115251 0 0.0025)
(0.120251 0 0.0025)
(0.125251 0 0.0025)
(0.130251 0 0.0025)
(0.135251 0 0.0025)
(0.140251 0 0.00250001)
(0.145251 0 0.00250004)
(0.150252 0 0.00250013)
(0.155253 0 0.00250039)
(0.160258 0 0.00250132)
(0.165244 0 0.0025055)
(0.170006 0 0.0025279)
(0.175016 0 0.00247003)
(0.0177509 0.00273407 0.00246971)
(0.0177509 0.00774535 0.00252876)
(0.0177509 0.0125102 0.00250569)
(0.0177509 0.0175 0.00250242)
(0.0177509 0.0224898 0.00250569)
(0.0177509 0.0272546 0.00252877)
(0.0177509 0.0322659 0.00246971)
(0.0177509 0.0677352 0.00247008)
(0.0177509 0.0727457 0.00252804)
(0.0177509 0.077509 0.00250589)
(0.0177509 0.0825 0.00250263)
(0.0177509 0.0874911 0.00250588)
(0.0177509 0.0922544 0.00252804)
(0.0177509 0.0972648 0.00247008)
(0.020486 0 0.00752997)
(0.0254959 0 0.0074721)
(0.0302576 0 0.0074945)
(0.0352435 0 0.00749868)
(0.0402487 0 0.00749961)
(0.0452502 0 0.00749987)
(0.0502507 0 0.00749996)
(0.0552509 0 0.00749999)
(0.0602509 0 0.0075)
(0.0652509 0 0.0075)
(0.0702509 0 0.0075)
(0.0752509 0 0.0075)
(0.0802509 0 0.0075)
(0.0852509 0 0.0075)
(0.0902509 0 0.0075)
(0.0952509 0 0.0075)
(0.100251 0 0.0075)
(0.105251 0 0.0075)
(0.110251 0 0.0075)
(0.115251 0 0.0075)
(0.120251 0 0.0075)
(0.125251 0 0.0075)
(0.130251 0 0.0075)
(0.135251 0 0.0075)
(0.140251 0 0.00749999)
(0.145251 0 0.00749996)
(0.150252 0 0.00749987)
(0.155253 0 0.00749961)
(0.160258 0 0.00749868)
(0.165244 0 0.0074945)
(0.170006 0 0.0074721)
(0.175016 0 0.00752997)
(0.0177509 0.00273407 0.00753029)
(0.0177509 0.00774535 0.00747124)
(0.0177509 0.0125102 0.00749431)
(0.0177509 0.0175 0.00749758)
(0.0177509 0.0224898 0.00749431)
(0.0177509 0.0272546 0.00747123)
(0.0177509 0.0322659 0.00753029)
(0.0177509 0.0677352 0.00752992)
(0.0177509 0.0727457 0.00747196)
(0.0177509 0.077509 0.00749411)
(0.0177509 0.0825 0.00749737)
(0.0177509 0.0874911 0.00749412)
(0.0177509 0.0922544 0.00747196)
(0.0177509 0.0972648 0.00752992)
)
;
    }
    patch_2_0
    {
        type            calculated;
        value           nonuniform List<vector> 
568
(
(0.0203553 0.00260564 0)
(0.0253558 0.00246775 0)
(0.0301807 0.00236617 0)
(0.0352082 0.00233399 0)
(0.0402346 0.00232181 0)
(0.0452454 0.00231648 0)
(0.0502493 0.00231402 0)
(0.0552505 0.00231294 0)
(0.0602509 0.00231255 0)
(0.0652509 0.00231245 0)
(0.0702509 0.00231244 0)
(0.0752509 0.00231245 0)
(0.0802509 0.00231246 0)
(0.0852509 0.00231246 0)
(0.0902509 0.00231247 0)
(0.0952509 0.00231247 0)
(0.100251 0.00231247 0)
(0.105251 0.00231247 0)
(0.110251 0.00231246 0)
(0.115251 0.00231246 0)
(0.120251 0.00231245 0)
(0.125251 0.00231244 0)
(0.130251 0.00231245 0)
(0.135251 0.00231256 0)
(0.140251 0.00231295 0)
(0.145252 0.00231403 0)
(0.150256 0.00231649 0)
(0.155267 0.00232183 0)
(0.160294 0.002334 0)
(0.165321 0.00236617 0)
(0.170146 0.00246775 0)
(0.175147 0.00260564 0)
(0.0202165 0.00761184 0)
(0.0250499 0.00731139 0)
(0.0300367 0.00718017 0)
(0.0351447 0.00713073 0)
(0.0402099 0.0071096 0)
(0.0452373 0.00709835 0)
(0.0502472 0.0070917 0)
(0.0552502 0.00708821 0)
(0.0602508 0.00708674 0)
(0.065251 0.00708629 0)
(0.0702509 0.00708622 0)
(0.0752509 0.00708623 0)
(0.0802509 0.00708625 0)
(0.0852509 0.00708626 0)
(0.0902509 0.00708626 0)
(0.0952509 0.00708626 0)
(0.100251 0.00708626 0)
(0.105251 0.00708626 0)
(0.110251 0.00708626 0)
(0.115251 0.00708625 0)
(0.120251 0.00708623 0)
(0.125251 0.00708622 0)
(0.130251 0.0070863 0)
(0.135251 0.00708676 0)
(0.140252 0.00708824 0)
(0.145255 0.00709176 0)
(0.150264 0.00709841 0)
(0.155292 0.00710966 0)
(0.160357 0.00713077 0)
(0.165465 0.0071802 0)
(0.170452 0.0073114 0)
(0.175285 0.00761184 0)
(0.0201197 0.0124462 0)
(0.0249231 0.0123247 0)
(0.0299628 0.0122571 0)
(0.0351095 0.0122226 0)
(0.0401962 0.0122 0)
(0.0452332 0.0121806 0)
(0.0502465 0.0121653 0)
(0.0552502 0.0121564 0)
(0.0602509 0.0121526 0)
(0.0652509 0.0121514 0)
(0.0702509 0.0121511 0)
(0.0752509 0.0121512 0)
(0.0802509 0.0121512 0)
(0.0852509 0.0121512 0)
(0.0902509 0.0121512 0)
(0.0952509 0.0121512 0)
(0.100251 0.0121512 0)
(0.105251 0.0121512 0)
(0.110251 0.0121512 0)
(0.115251 0.0121512 0)
(0.120251 0.0121512 0)
(0.125251 0.0121512 0)
(0.130251 0.0121514 0)
(0.135251 0.0121527 0)
(0.140252 0.0121565 0)
(0.145255 0.0121655 0)
(0.150268 0.0121808 0)
(0.155305 0.0122002 0)
(0.160392 0.0122227 0)
(0.165539 0.0122572 0)
(0.170579 0.0123248 0)
(0.175382 0.0124462 0)
(0.0200992 0.0174989 0)
(0.024892 0.0174952 0)
(0.0299423 0.0174867 0)
(0.0351002 0.0174688 0)
(0.0401938 0.0174374 0)
(0.0452337 0.0173953 0)
(0.0502475 0.0173581 0)
(0.05525 0.0173375 0)
(0.0602502 0.0173291 0)
(0.0652504 0.0173265 0)
(0.0702507 0.0173261 0)
(0.0752508 0.0173261 0)
(0.0802509 0.0173262 0)
(0.0852509 0.0173262 0)
(0.0902509 0.0173262 0)
(0.0952509 0.0173262 0)
(0.100251 0.0173262 0)
(0.105251 0.0173262 0)
(0.110251 0.0173262 0)
(0.115251 0.0173262 0)
(0.120251 0.0173261 0)
(0.125251 0.0173261 0)
(0.130251 0.0173266 0)
(0.135251 0.0173292 0)
(0.140251 0.0173378 0)
(0.145254 0.0173586 0)
(0.150268 0.0173959 0)
(0.155308 0.0174379 0)
(0.160401 0.0174691 0)
(0.165559 0.0174869 0)
(0.17061 0.0174953 0)
(0.175403 0.0174989 0)
(0.0201198 0.0225514 0)
(0.0249236 0.022665 0)
(0.0299644 0.0227138 0)
(0.0351142 0.0227069 0)
(0.0402058 0.0226539 0)
(0.0452435 0.0225642 0)
(0.0502526 0.0224846 0)
(0.0552475 0.0224481 0)
(0.0602462 0.0224344 0)
(0.0652478 0.0224305 0)
(0.0702495 0.02243 0)
(0.0752504 0.0224302 0)
(0.0802507 0.0224303 0)
(0.0852509 0.0224303 0)
(0.0902509 0.0224304 0)
(0.0952509 0.0224304 0)
(0.100251 0.0224304 0)
(0.105251 0.0224304 0)
(0.110251 0.0224304 0)
(0.115251 0.0224303 0)
(0.120251 0.0224302 0)
(0.125252 0.0224301 0)
(0.130254 0.0224307 0)
(0.135255 0.0224347 0)
(0.140254 0.0224487 0)
(0.145248 0.0224857 0)
(0.150257 0.0225654 0)
(0.155295 0.0226549 0)
(0.160387 0.0227075 0)
(0.165537 0.0227141 0)
(0.170578 0.0226652 0)
(0.175382 0.0225514 0)
(0.0202167 0.027386 0)
(0.025051 0.0276789 0)
(0.0300403 0.0277904 0)
(0.0351566 0.0277921 0)
(0.0402516 0.0277379 0)
(0.0452885 0.0276173 0)
(0.0502739 0.027513 0)
(0.0552356 0.027489 0)
(0.0602323 0.0274772 0)
(0.0652394 0.0274748 0)
(0.0702458 0.0274749 0)
(0.0752491 0.0274754 0)
(0.0802503 0.0274757 0)
(0.0852507 0.0274757 0)
(0.0902509 0.0274758 0)
(0.0952509 0.0274758 0)
(0.100251 0.0274758 0)
(0.105251 0.0274758 0)
(0.110251 0.0274758 0)
(0.115251 0.0274757 0)
(0.120253 0.0274754 0)
(0.125256 0.027475 0)
(0.130262 0.0274751 0)
(0.135269 0.0274778 0)
(0.140265 0.0274903 0)
(0.145226 0.0275151 0)
(0.150211 0.0276199 0)
(0.155248 0.0277401 0)
(0.160344 0.0277932 0)
(0.165461 0.0277909 0)
(0.170451 0.0276791 0)
(0.175285 0.027386 0)
(0.0203557 0.0323934 0)
(0.0253569 0.0325278 0)
(0.0301851 0.0326197 0)
(0.0352222 0.0326261 0)
(0.0402672 0.0326013 0)
(0.0453017 0.0325502 0)
(0.0502524 0.0324883 0)
(0.0552116 0.032464 0)
(0.0601956 0.0324846 0)
(0.0652189 0.0324895 0)
(0.0702374 0.0324912 0)
(0.0752461 0.0324921 0)
(0.0802495 0.0324925 0)
(0.0852505 0.0324926 0)
(0.0902508 0.0324926 0)
(0.0952509 0.0324926 0)
(0.100251 0.0324926 0)
(0.105251 0.0324926 0)
(0.110251 0.0324926 0)
(0.115252 0.0324925 0)
(0.120256 0.0324921 0)
(0.125264 0.0324913 0)
(0.130282 0.03249 0)
(0.135305 0.0324856 0)
(0.140288 0.032466 0)
(0.145247 0.0324909 0)
(0.150198 0.0325521 0)
(0.155233 0.0326025 0)
(0.160279 0.0326267 0)
(0.165317 0.03262 0)
(0.170145 0.0325279 0)
(0.175146 0.0323935 0)
(0.0501933 0.0374419 0)
(0.0551076 0.037445 0)
(0.0601166 0.0374858 0)
(0.0651826 0.0374942 0)
(0.0702237 0.0374964 0)
(0.0752415 0.0374974 0)
(0.0802481 0.0374978 0)
(0.0852502 0.037498 0)
(0.0902507 0.037498 0)
(0.0952509 0.037498 0)
(0.100251 0.037498 0)
(0.105251 0.037498 0)
(0.110252 0.037498 0)
(0.115254 0.0374979 0)
(0.12026 0.0374975 0)
(0.125278 0.0374966 0)
(0.130319 0.0374947 0)
(0.135384 0.0374869 0)
(0.140391 0.0374475 0)
(0.145307 0.0374437 0)
(0.0501416 0.0424677 0)
(0.0549878 0.0424573 0)
(0.060029 0.0424888 0)
(0.0651437 0.0424963 0)
(0.0702092 0.0424982 0)
(0.0752367 0.0424991 0)
(0.0802467 0.0424994 0)
(0.0852498 0.0424995 0)
(0.0902506 0.0424995 0)
(0.0952509 0.0424995 0)
(0.100251 0.0424995 0)
(0.105251 0.0424995 0)
(0.110252 0.0424995 0)
(0.115255 0.0424994 0)
(0.120265 0.0424991 0)
(0.125292 0.0424984 0)
(0.130358 0.0424966 0)
(0.135472 0.0424897 0)
(0.140512 0.0424592 0)
(0.145359 0.0424688 0)
(0.0501154 0.0474902 0)
(0.054936 0.047491 0)
(0.059981 0.0474963 0)
(0.0651207 0.0474987 0)
(0.0702004 0.0474994 0)
(0.0752338 0.0474998 0)
(0.0802458 0.0474999 0)
(0.0852496 0.0474999 0)
(0.0902506 0.0474999 0)
(0.0952508 0.0474999 0)
(0.100251 0.0474999 0)
(0.105251 0.0474999 0)
(0.110252 0.0474999 0)
(0.115256 0.0474999 0)
(0.120268 0.0474998 0)
(0.125301 0.0474995 0)
(0.130381 0.0474988 0)
(0.13552 0.0474966 0)
(0.140564 0.0474915 0)
(0.145386 0.0474904 0)
(0.0501154 0.0525098 0)
(0.054936 0.052509 0)
(0.059981 0.0525037 0)
(0.0651207 0.0525013 0)
(0.0702004 0.0525006 0)
(0.0752338 0.0525002 0)
(0.0802458 0.0525001 0)
(0.0852496 0.0525001 0)
(0.0902506 0.0525001 0)
(0.0952508 0.0525001 0)
(0.100251 0.0525001 0)
(0.105251 0.0525001 0)
(0.110252 0.0525001 0)
(0.115256 0.0525001 0)
(0.120268 0.0525002 0)
(0.125301 0.0525005 0)
(0.130381 0.0525012 0)
(0.13552 0.0525034 0)
(0.140564 0.0525085 0)
(0.145386 0.0525096 0)
(0.0501416 0.0575323 0)
(0.0549878 0.0575427 0)
(0.060029 0.0575112 0)
(0.0651437 0.0575037 0)
(0.0702092 0.0575018 0)
(0.0752367 0.0575009 0)
(0.0802467 0.0575006 0)
(0.0852498 0.0575005 0)
(0.0902506 0.0575005 0)
(0.0952509 0.0575005 0)
(0.100251 0.0575005 0)
(0.105251 0.0575005 0)
(0.110252 0.0575005 0)
(0.115255 0.0575006 0)
(0.120265 0.0575009 0)
(0.125292 0.0575016 0)
(0.130358 0.0575034 0)
(0.135472 0.0575103 0)
(0.140512 0.0575408 0)
(0.145359 0.0575312 0)
(0.0501933 0.0625581 0)
(0.0551076 0.062555 0)
(0.0601166 0.0625142 0)
(0.0651826 0.0625058 0)
(0.0702237 0.0625036 0)
(0.0752415 0.0625026 0)
(0.0802481 0.0625022 0)
(0.0852502 0.062502 0)
(0.0902507 0.062502 0)
(0.0952509 0.062502 0)
(0.100251 0.062502 0)
(0.105251 0.062502 0)
(0.110252 0.062502 0)
(0.115254 0.0625021 0)
(0.12026 0.0625025 0)
(0.125278 0.0625034 0)
(0.130319 0.0625053 0)
(0.135384 0.0625131 0)
(0.140391 0.0625525 0)
(0.145307 0.0625563 0)
(0.0203564 0.0676059 0)
(0.0253594 0.0674709 0)
(0.0301863 0.0673804 0)
(0.0352227 0.0673741 0)
(0.0402674 0.0673988 0)
(0.0453018 0.0674498 0)
(0.0502524 0.0675117 0)
(0.0552116 0.067536 0)
(0.0601956 0.0675154 0)
(0.0652189 0.0675105 0)
(0.0702374 0.0675088 0)
(0.0752461 0.0675079 0)
(0.0802495 0.0675075 0)
(0.0852505 0.0675074 0)
(0.0902508 0.0675074 0)
(0.0952509 0.0675074 0)
(0.100251 0.0675074 0)
(0.105251 0.0675074 0)
(0.110251 0.0675074 0)
(0.115252 0.0675075 0)
(0.120256 0.0675079 0)
(0.125264 0.0675087 0)
(0.130282 0.06751 0)
(0.135305 0.0675144 0)
(0.140288 0.067534 0)
(0.145247 0.0675091 0)
(0.150198 0.0674479 0)
(0.155233 0.0673975 0)
(0.160279 0.0673733 0)
(0.165317 0.06738 0)
(0.170145 0.0674721 0)
(0.175146 0.0676065 0)
(0.020218 0.0726117 0)
(0.0250529 0.0723192 0)
(0.0300419 0.0722097 0)
(0.0351574 0.0722082 0)
(0.040252 0.0722623 0)
(0.0452886 0.0723828 0)
(0.050274 0.072487 0)
(0.0552356 0.072511 0)
(0.0602323 0.0725228 0)
(0.0652394 0.0725252 0)
(0.0702458 0.0725251 0)
(0.0752491 0.0725246 0)
(0.0802503 0.0725243 0)
(0.0852507 0.0725243 0)
(0.0902509 0.0725242 0)
(0.0952509 0.0725242 0)
(0.100251 0.0725242 0)
(0.105251 0.0725242 0)
(0.110251 0.0725242 0)
(0.115251 0.0725243 0)
(0.120253 0.0725246 0)
(0.125256 0.072525 0)
(0.130262 0.0725249 0)
(0.135269 0.0725222 0)
(0.140265 0.0725097 0)
(0.145226 0.0724849 0)
(0.150211 0.0723801 0)
(0.155248 0.0722599 0)
(0.160344 0.0722068 0)
(0.165461 0.0722091 0)
(0.170451 0.0723209 0)
(0.175285 0.072614 0)
(0.0201196 0.0774476 0)
(0.0249233 0.0773337 0)
(0.0299649 0.077286 0)
(0.0351145 0.0772931 0)
(0.040206 0.0773462 0)
(0.0452436 0.0774358 0)
(0.0502527 0.0775154 0)
(0.0552475 0.0775519 0)
(0.0602462 0.0775656 0)
(0.0652478 0.0775695 0)
(0.0702495 0.07757 0)
(0.0752504 0.0775698 0)
(0.0802507 0.0775697 0)
(0.0852509 0.0775697 0)
(0.0902509 0.0775696 0)
(0.0952509 0.0775696 0)
(0.100251 0.0775696 0)
(0.105251 0.0775696 0)
(0.110251 0.0775696 0)
(0.115251 0.0775697 0)
(0.120251 0.0775698 0)
(0.125252 0.0775699 0)
(0.130254 0.0775693 0)
(0.135255 0.0775653 0)
(0.140254 0.0775512 0)
(0.145248 0.0775143 0)
(0.150257 0.0774346 0)
(0.155295 0.0773451 0)
(0.160387 0.0772925 0)
(0.165537 0.0772859 0)
(0.170578 0.0773348 0)
(0.175382 0.0774486 0)
(0.0200988 0.0825011 0)
(0.0248915 0.0825048 0)
(0.0299424 0.0825133 0)
(0.0351004 0.0825312 0)
(0.040194 0.0825626 0)
(0.0452338 0.0826047 0)
(0.0502476 0.0826419 0)
(0.05525 0.0826625 0)
(0.0602502 0.0826709 0)
(0.0652504 0.0826735 0)
(0.0702507 0.0826739 0)
(0.0752508 0.0826739 0)
(0.0802509 0.0826738 0)
(0.0852509 0.0826738 0)
(0.0902509 0.0826738 0)
(0.0952509 0.0826738 0)
(0.100251 0.0826738 0)
(0.105251 0.0826738 0)
(0.110251 0.0826738 0)
(0.115251 0.0826738 0)
(0.120251 0.0826739 0)
(0.125251 0.0826739 0)
(0.130251 0.0826734 0)
(0.135251 0.0826708 0)
(0.140251 0.0826622 0)
(0.145254 0.0826414 0)
(0.150268 0.0826041 0)
(0.155308 0.0825621 0)
(0.160401 0.0825309 0)
(0.165559 0.0825131 0)
(0.17061 0.0825047 0)
(0.175403 0.0825011 0)
(0.0201195 0.0875548 0)
(0.0249229 0.0876765 0)
(0.0299633 0.0877432 0)
(0.0351099 0.0877774 0)
(0.0401964 0.0877999 0)
(0.0452333 0.0878194 0)
(0.0502466 0.0878347 0)
(0.0552502 0.0878436 0)
(0.0602509 0.0878474 0)
(0.0652509 0.0878486 0)
(0.0702509 0.0878489 0)
(0.0752509 0.0878488 0)
(0.0802509 0.0878488 0)
(0.0852509 0.0878488 0)
(0.0902509 0.0878488 0)
(0.0952509 0.0878488 0)
(0.100251 0.0878488 0)
(0.105251 0.0878488 0)
(0.110251 0.0878488 0)
(0.115251 0.0878488 0)
(0.120251 0.0878488 0)
(0.125251 0.0878488 0)
(0.130251 0.0878486 0)
(0.135251 0.0878473 0)
(0.140252 0.0878435 0)
(0.145255 0.0878345 0)
(0.150268 0.0878192 0)
(0.155305 0.0877998 0)
(0.160392 0.0877773 0)
(0.165539 0.0877428 0)
(0.170579 0.0876752 0)
(0.175382 0.0875538 0)
(0.0202178 0.0923906 0)
(0.0250518 0.0926904 0)
(0.0300383 0.0928197 0)
(0.0351455 0.092869 0)
(0.0402103 0.0928902 0)
(0.0452374 0.0929016 0)
(0.0502472 0.0929083 0)
(0.0552502 0.0929118 0)
(0.0602509 0.0929133 0)
(0.065251 0.0929137 0)
(0.0702509 0.0929138 0)
(0.0752509 0.0929138 0)
(0.0802509 0.0929138 0)
(0.0852509 0.0929137 0)
(0.0902509 0.0929137 0)
(0.0952509 0.0929137 0)
(0.100251 0.0929137 0)
(0.105251 0.0929137 0)
(0.110251 0.0929137 0)
(0.115251 0.0929138 0)
(0.120251 0.0929138 0)
(0.125251 0.0929138 0)
(0.130251 0.0929137 0)
(0.135251 0.0929132 0)
(0.140252 0.0929118 0)
(0.145255 0.0929082 0)
(0.150264 0.0929016 0)
(0.155292 0.0928903 0)
(0.160357 0.0928692 0)
(0.165465 0.0928198 0)
(0.170452 0.0926886 0)
(0.175285 0.0923882 0)
(0.020356 0.0973951 0)
(0.0253582 0.0975335 0)
(0.0301819 0.0976337 0)
(0.0352086 0.0976658 0)
(0.0402348 0.0976781 0)
(0.0452455 0.0976835 0)
(0.0502493 0.097686 0)
(0.0552506 0.097687 0)
(0.0602509 0.0976874 0)
(0.0652509 0.0976876 0)
(0.0702509 0.0976876 0)
(0.0752509 0.0976876 0)
(0.0802509 0.0976875 0)
(0.0852509 0.0976875 0)
(0.0902509 0.0976875 0)
(0.0952509 0.0976875 0)
(0.100251 0.0976875 0)
(0.105251 0.0976875 0)
(0.110251 0.0976875 0)
(0.115251 0.0976875 0)
(0.120251 0.0976876 0)
(0.125251 0.0976876 0)
(0.130251 0.0976876 0)
(0.135251 0.0976874 0)
(0.140251 0.097687 0)
(0.145252 0.097686 0)
(0.150256 0.0976835 0)
(0.155267 0.0976782 0)
(0.160294 0.097666 0)
(0.165321 0.0976338 0)
(0.170146 0.0975322 0)
(0.175147 0.0973944 0)
)
;
    }
    patch_3_0
    {
        type            calculated;
        value           nonuniform List<vector> 
568
(
(0.0203553 0.00260564 0.01)
(0.0253558 0.00246775 0.01)
(0.0301807 0.00236617 0.01)
(0.0352082 0.00233399 0.01)
(0.0402346 0.00232181 0.01)
(0.0452454 0.00231648 0.01)
(0.0502493 0.00231402 0.01)
(0.0552505 0.00231294 0.01)
(0.0602509 0.00231255 0.01)
(0.0652509 0.00231245 0.01)
(0.0702509 0.00231244 0.01)
(0.0752509 0.00231245 0.01)
(0.0802509 0.00231246 0.01)
(0.0852509 0.00231246 0.01)
(0.0902509 0.00231247 0.01)
(0.0952509 0.00231247 0.01)
(0.100251 0.00231247 0.01)
(0.105251 0.00231247 0.01)
(0.110251 0.00231246 0.01)
(0.115251 0.00231246 0.01)
(0.120251 0.00231245 0.01)
(0.125251 0.00231244 0.01)
(0.130251 0.00231245 0.01)
(0.135251 0.00231256 0.01)
(0.140251 0.00231295 0.01)
(0.145252 0.00231403 0.01)
(0.150256 0.00231649 0.01)
(0.155267 0.00232183 0.01)
(0.160294 0.002334 0.01)
(0.165321 0.00236617 0.01)
(0.170146 0.00246775 0.01)
(0.175147 0.00260564 0.01)
(0.0202165 0.00761184 0.01)
(0.0250499 0.00731139 0.01)
(0.0300367 0.00718017 0.01)
(0.0351447 0.00713073 0.01)
(0.0402099 0.0071096 0.01)
(0.0452373 0.00709835 0.01)
(0.0502472 0.0070917 0.01)
(0.0552502 0.00708821 0.01)
(0.0602508 0.00708674 0.01)
(0.065251 0.00708629 0.01)
(0.0702509 0.00708622 0.01)
(0.0752509 0.00708623 0.01)
(0.0802509 0.00708625 0.01)
(0.0852509 0.00708626 0.01)
(0.0902509 0.00708626 0.01)
(0.0952509 0.00708626 0.01)
(0.100251 0.00708626 0.01)
(0.105251 0.00708626 0.01)
(0.110251 0.00708626 0.01)
(0.115251 0.00708625 0.01)
(0.120251 0.00708623 0.01)
(0.125251 0.00708622 0.01)
(0.130251 0.0070863 0.01)
(0.135251 0.00708676 0.01)
(0.140252 0.00708824 0.01)
(0.145255 0.00709176 0.01)
(0.150264 0.00709841 0.01)
(0.155292 0.00710966 0.01)
(0.160357 0.00713077 0.01)
(0.165465 0.0071802 0.01)
(0.170452 0.0073114 0.01)
(0.175285 0.00761184 0.01)
(0.0201197 0.0124462 0.01)
(0.0249231 0.0123247 0.01)
(0.0299628 0.0122571 0.01)
(0.0351095 0.0122226 0.01)
(0.0401962 0.0122 0.01)
(0.0452332 0.0121806 0.01)
(0.0502465 0.0121653 0.01)
(0.0552502 0.0121564 0.01)
(0.0602509 0.0121526 0.01)
(0.0652509 0.0121514 0.01)
(0.0702509 0.0121511 0.01)
(0.0752509 0.0121512 0.01)
(0.0802509 0.0121512 0.01)
(0.0852509 0.0121512 0.01)
(0.0902509 0.0121512 0.01)
(0.0952509 0.0121512 0.01)
(0.100251 0.0121512 0.01)
(0.105251 0.0121512 0.01)
(0.110251 0.0121512 0.01)
(0.115251 0.0121512 0.01)
(0.120251 0.0121512 0.01)
(0.125251 0.0121512 0.01)
(0.130251 0.0121514 0.01)
(0.135251 0.0121527 0.01)
(0.140252 0.0121565 0.01)
(0.145255 0.0121655 0.01)
(0.150268 0.0121808 0.01)
(0.155305 0.0122002 0.01)
(0.160392 0.0122227 0.01)
(0.165539 0.0122572 0.01)
(0.170579 0.0123248 0.01)
(0.175382 0.0124462 0.01)
(0.0200992 0.0174989 0.01)
(0.024892 0.0174952 0.01)
(0.0299423 0.0174867 0.01)
(0.0351002 0.0174688 0.01)
(0.0401938 0.0174374 0.01)
(0.0452337 0.0173953 0.01)
(0.0502475 0.0173581 0.01)
(0.05525 0.0173375 0.01)
(0.0602502 0.0173291 0.01)
(0.0652504 0.0173265 0.01)
(0.0702507 0.0173261 0.01)
(0.0752508 0.0173261 0.01)
(0.0802509 0.0173262 0.01)
(0.0852509 0.0173262 0.01)
(0.0902509 0.0173262 0.01)
(0.0952509 0.0173262 0.01)
(0.100251 0.0173262 0.01)
(0.105251 0.0173262 0.01)
(0.110251 0.0173262 0.01)
(0.115251 0.0173262 0.01)
(0.120251 0.0173261 0.01)
(0.125251 0.0173261 0.01)
(0.130251 0.0173266 0.01)
(0.135251 0.0173292 0.01)
(0.140251 0.0173378 0.01)
(0.145254 0.0173586 0.01)
(0.150268 0.0173959 0.01)
(0.155308 0.0174379 0.01)
(0.160401 0.0174691 0.01)
(0.165559 0.0174869 0.01)
(0.17061 0.0174953 0.01)
(0.175403 0.0174989 0.01)
(0.0201198 0.0225514 0.01)
(0.0249235 0.022665 0.01)
(0.0299644 0.0227138 0.01)
(0.0351142 0.0227069 0.01)
(0.0402058 0.0226539 0.01)
(0.0452435 0.0225642 0.01)
(0.0502526 0.0224846 0.01)
(0.0552475 0.0224481 0.01)
(0.0602462 0.0224344 0.01)
(0.0652478 0.0224305 0.01)
(0.0702495 0.02243 0.01)
(0.0752504 0.0224302 0.01)
(0.0802507 0.0224303 0.01)
(0.0852509 0.0224303 0.01)
(0.0902509 0.0224304 0.01)
(0.0952509 0.0224304 0.01)
(0.100251 0.0224304 0.01)
(0.105251 0.0224304 0.01)
(0.110251 0.0224304 0.01)
(0.115251 0.0224303 0.01)
(0.120251 0.0224302 0.01)
(0.125252 0.0224301 0.01)
(0.130254 0.0224307 0.01)
(0.135255 0.0224347 0.01)
(0.140254 0.0224487 0.01)
(0.145248 0.0224857 0.01)
(0.150257 0.0225654 0.01)
(0.155295 0.0226549 0.01)
(0.160387 0.0227075 0.01)
(0.165537 0.0227141 0.01)
(0.170578 0.0226652 0.01)
(0.175382 0.0225514 0.01)
(0.0202167 0.027386 0.01)
(0.025051 0.0276789 0.01)
(0.0300403 0.0277904 0.01)
(0.0351566 0.0277921 0.01)
(0.0402516 0.0277379 0.01)
(0.0452885 0.0276173 0.01)
(0.0502739 0.027513 0.01)
(0.0552356 0.027489 0.01)
(0.0602323 0.0274772 0.01)
(0.0652394 0.0274748 0.01)
(0.0702458 0.0274749 0.01)
(0.0752491 0.0274754 0.01)
(0.0802503 0.0274757 0.01)
(0.0852507 0.0274757 0.01)
(0.0902509 0.0274758 0.01)
(0.0952509 0.0274758 0.01)
(0.100251 0.0274758 0.01)
(0.105251 0.0274758 0.01)
(0.110251 0.0274758 0.01)
(0.115251 0.0274757 0.01)
(0.120253 0.0274754 0.01)
(0.125256 0.027475 0.01)
(0.130262 0.0274751 0.01)
(0.135269 0.0274778 0.01)
(0.140265 0.0274903 0.01)
(0.145226 0.0275151 0.01)
(0.150211 0.0276199 0.01)
(0.155248 0.0277401 0.01)
(0.160344 0.0277932 0.01)
(0.165461 0.0277909 0.01)
(0.170451 0.0276791 0.01)
(0.175285 0.027386 0.01)
(0.0203557 0.0323934 0.01)
(0.0253569 0.0325278 0.01)
(0.0301851 0.0326197 0.01)
(0.0352222 0.0326261 0.01)
(0.0402672 0.0326013 0.01)
(0.0453017 0.0325502 0.01)
(0.0502524 0.0324883 0.01)
(0.0552116 0.032464 0.01)
(0.0601956 0.0324846 0.01)
(0.0652189 0.0324895 0.01)
(0.0702374 0.0324912 0.01)
(0.0752461 0.0324921 0.01)
(0.0802495 0.0324925 0.01)
(0.0852505 0.0324926 0.01)
(0.0902508 0.0324926 0.01)
(0.0952509 0.0324926 0.01)
(0.100251 0.0324926 0.01)
(0.105251 0.0324926 0.01)
(0.110251 0.0324926 0.01)
(0.115252 0.0324925 0.01)
(0.120256 0.0324921 0.01)
(0.125264 0.0324913 0.01)
(0.130282 0.03249 0.01)
(0.135305 0.0324856 0.01)
(0.140288 0.032466 0.01)
(0.145247 0.0324909 0.01)
(0.150198 0.0325521 0.01)
(0.155233 0.0326025 0.01)
(0.160279 0.0326267 0.01)
(0.165317 0.03262 0.01)
(0.170145 0.0325279 0.01)
(0.175146 0.0323935 0.01)
(0.0501933 0.0374419 0.01)
(0.0551076 0.037445 0.01)
(0.0601166 0.0374858 0.01)
(0.0651826 0.0374942 0.01)
(0.0702237 0.0374964 0.01)
(0.0752415 0.0374974 0.01)
(0.0802481 0.0374978 0.01)
(0.0852502 0.037498 0.01)
(0.0902507 0.037498 0.01)
(0.0952509 0.037498 0.01)
(0.100251 0.037498 0.01)
(0.105251 0.037498 0.01)
(0.110252 0.037498 0.01)
(0.115254 0.0374979 0.01)
(0.12026 0.0374975 0.01)
(0.125278 0.0374966 0.01)
(0.130319 0.0374947 0.01)
(0.135384 0.0374869 0.01)
(0.140391 0.0374475 0.01)
(0.145307 0.0374437 0.01)
(0.0501416 0.0424677 0.01)
(0.0549878 0.0424573 0.01)
(0.060029 0.0424888 0.01)
(0.0651437 0.0424963 0.01)
(0.0702092 0.0424982 0.01)
(0.0752367 0.0424991 0.01)
(0.0802467 0.0424994 0.01)
(0.0852498 0.0424995 0.01)
(0.0902506 0.0424995 0.01)
(0.0952509 0.0424995 0.01)
(0.100251 0.0424995 0.01)
(0.105251 0.0424995 0.01)
(0.110252 0.0424995 0.01)
(0.115255 0.0424994 0.01)
(0.120265 0.0424991 0.01)
(0.125292 0.0424984 0.01)
(0.130358 0.0424966 0.01)
(0.135472 0.0424897 0.01)
(0.140512 0.0424592 0.01)
(0.145359 0.0424688 0.01)
(0.0501154 0.0474902 0.01)
(0.054936 0.047491 0.01)
(0.059981 0.0474963 0.01)
(0.0651207 0.0474987 0.01)
(0.0702004 0.0474994 0.01)
(0.0752338 0.0474998 0.01)
(0.0802458 0.0474999 0.01)
(0.0852496 0.0474999 0.01)
(0.0902506 0.0474999 0.01)
(0.0952508 0.0474999 0.01)
(0.100251 0.0474999 0.01)
(0.105251 0.0474999 0.01)
(0.110252 0.0474999 0.01)
(0.115256 0.0474999 0.01)
(0.120268 0.0474998 0.01)
(0.125301 0.0474995 0.01)
(0.130381 0.0474988 0.01)
(0.13552 0.0474966 0.01)
(0.140564 0.0474915 0.01)
(0.145386 0.0474904 0.01)
(0.0501154 0.0525098 0.01)
(0.054936 0.052509 0.01)
(0.059981 0.0525037 0.01)
(0.0651207 0.0525013 0.01)
(0.0702004 0.0525006 0.01)
(0.0752338 0.0525002 0.01)
(0.0802458 0.0525001 0.01)
(0.0852496 0.0525001 0.01)
(0.0902506 0.0525001 0.01)
(0.0952508 0.0525001 0.01)
(0.100251 0.0525001 0.01)
(0.105251 0.0525001 0.01)
(0.110252 0.0525001 0.01)
(0.115256 0.0525001 0.01)
(0.120268 0.0525002 0.01)
(0.125301 0.0525005 0.01)
(0.130381 0.0525012 0.01)
(0.13552 0.0525034 0.01)
(0.140564 0.0525085 0.01)
(0.145386 0.0525096 0.01)
(0.0501416 0.0575323 0.01)
(0.0549878 0.0575427 0.01)
(0.060029 0.0575112 0.01)
(0.0651437 0.0575037 0.01)
(0.0702092 0.0575018 0.01)
(0.0752367 0.0575009 0.01)
(0.0802467 0.0575006 0.01)
(0.0852498 0.0575005 0.01)
(0.0902506 0.0575005 0.01)
(0.0952509 0.0575005 0.01)
(0.100251 0.0575005 0.01)
(0.105251 0.0575005 0.01)
(0.110252 0.0575005 0.01)
(0.115255 0.0575006 0.01)
(0.120265 0.0575009 0.01)
(0.125292 0.0575016 0.01)
(0.130358 0.0575034 0.01)
(0.135472 0.0575103 0.01)
(0.140512 0.0575408 0.01)
(0.145359 0.0575312 0.01)
(0.0501933 0.0625581 0.01)
(0.0551076 0.062555 0.01)
(0.0601166 0.0625142 0.01)
(0.0651826 0.0625058 0.01)
(0.0702237 0.0625036 0.01)
(0.0752415 0.0625026 0.01)
(0.0802481 0.0625022 0.01)
(0.0852502 0.062502 0.01)
(0.0902507 0.062502 0.01)
(0.0952509 0.062502 0.01)
(0.100251 0.062502 0.01)
(0.105251 0.062502 0.01)
(0.110252 0.062502 0.01)
(0.115254 0.0625021 0.01)
(0.12026 0.0625025 0.01)
(0.125278 0.0625034 0.01)
(0.130319 0.0625053 0.01)
(0.135384 0.0625131 0.01)
(0.140391 0.0625525 0.01)
(0.145307 0.0625563 0.01)
(0.0203564 0.0676059 0.01)
(0.0253594 0.0674709 0.01)
(0.0301863 0.0673804 0.01)
(0.0352227 0.0673741 0.01)
(0.0402674 0.0673988 0.01)
(0.0453018 0.0674498 0.01)
(0.0502524 0.0675117 0.01)
(0.0552116 0.067536 0.01)
(0.0601956 0.0675154 0.01)
(0.0652189 0.0675105 0.01)
(0.0702374 0.0675088 0.01)
(0.0752461 0.0675079 0.01)
(0.0802495 0.0675075 0.01)
(0.0852505 0.0675074 0.01)
(0.0902508 0.0675074 0.01)
(0.0952509 0.0675074 0.01)
(0.100251 0.0675074 0.01)
(0.105251 0.0675074 0.01)
(0.110251 0.0675074 0.01)
(0.115252 0.0675075 0.01)
(0.120256 0.0675079 0.01)
(0.125264 0.0675087 0.01)
(0.130282 0.06751 0.01)
(0.135305 0.0675144 0.01)
(0.140288 0.067534 0.01)
(0.145247 0.0675091 0.01)
(0.150198 0.0674479 0.01)
(0.155233 0.0673975 0.01)
(0.160279 0.0673733 0.01)
(0.165317 0.06738 0.01)
(0.170145 0.0674721 0.01)
(0.175146 0.0676065 0.01)
(0.020218 0.0726117 0.01)
(0.0250529 0.0723192 0.01)
(0.0300419 0.0722097 0.01)
(0.0351574 0.0722082 0.01)
(0.040252 0.0722623 0.01)
(0.0452886 0.0723828 0.01)
(0.050274 0.072487 0.01)
(0.0552356 0.072511 0.01)
(0.0602323 0.0725228 0.01)
(0.0652394 0.0725252 0.01)
(0.0702458 0.0725251 0.01)
(0.0752491 0.0725246 0.01)
(0.0802503 0.0725243 0.01)
(0.0852507 0.0725243 0.01)
(0.0902509 0.0725242 0.01)
(0.0952509 0.0725242 0.01)
(0.100251 0.0725242 0.01)
(0.105251 0.0725242 0.01)
(0.110251 0.0725242 0.01)
(0.115251 0.0725243 0.01)
(0.120253 0.0725246 0.01)
(0.125256 0.072525 0.01)
(0.130262 0.0725249 0.01)
(0.135269 0.0725222 0.01)
(0.140265 0.0725097 0.01)
(0.145226 0.0724849 0.01)
(0.150211 0.0723801 0.01)
(0.155248 0.0722599 0.01)
(0.160344 0.0722068 0.01)
(0.165461 0.0722091 0.01)
(0.170451 0.0723209 0.01)
(0.175285 0.072614 0.01)
(0.0201196 0.0774476 0.01)
(0.0249233 0.0773337 0.01)
(0.0299649 0.077286 0.01)
(0.0351145 0.0772931 0.01)
(0.040206 0.0773462 0.01)
(0.0452436 0.0774358 0.01)
(0.0502527 0.0775154 0.01)
(0.0552475 0.0775519 0.01)
(0.0602462 0.0775656 0.01)
(0.0652478 0.0775695 0.01)
(0.0702495 0.07757 0.01)
(0.0752504 0.0775698 0.01)
(0.0802507 0.0775697 0.01)
(0.0852509 0.0775697 0.01)
(0.0902509 0.0775696 0.01)
(0.0952509 0.0775696 0.01)
(0.100251 0.0775696 0.01)
(0.105251 0.0775696 0.01)
(0.110251 0.0775696 0.01)
(0.115251 0.0775697 0.01)
(0.120251 0.0775698 0.01)
(0.125252 0.0775699 0.01)
(0.130254 0.0775693 0.01)
(0.135255 0.0775653 0.01)
(0.140254 0.0775512 0.01)
(0.145248 0.0775143 0.01)
(0.150257 0.0774346 0.01)
(0.155295 0.0773451 0.01)
(0.160387 0.0772925 0.01)
(0.165537 0.0772859 0.01)
(0.170578 0.0773348 0.01)
(0.175382 0.0774486 0.01)
(0.0200988 0.0825011 0.01)
(0.0248915 0.0825048 0.01)
(0.0299424 0.0825133 0.01)
(0.0351004 0.0825312 0.01)
(0.040194 0.0825626 0.01)
(0.0452338 0.0826047 0.01)
(0.0502476 0.0826419 0.01)
(0.05525 0.0826625 0.01)
(0.0602502 0.0826709 0.01)
(0.0652504 0.0826735 0.01)
(0.0702507 0.0826739 0.01)
(0.0752508 0.0826739 0.01)
(0.0802509 0.0826738 0.01)
(0.0852509 0.0826738 0.01)
(0.0902509 0.0826738 0.01)
(0.0952509 0.0826738 0.01)
(0.100251 0.0826738 0.01)
(0.105251 0.0826738 0.01)
(0.110251 0.0826738 0.01)
(0.115251 0.0826738 0.01)
(0.120251 0.0826739 0.01)
(0.125251 0.0826739 0.01)
(0.130251 0.0826734 0.01)
(0.135251 0.0826708 0.01)
(0.140251 0.0826622 0.01)
(0.145254 0.0826414 0.01)
(0.150268 0.0826041 0.01)
(0.155308 0.0825621 0.01)
(0.160401 0.0825309 0.01)
(0.165559 0.0825131 0.01)
(0.17061 0.0825047 0.01)
(0.175403 0.0825011 0.01)
(0.0201195 0.0875548 0.01)
(0.0249229 0.0876765 0.01)
(0.0299633 0.0877432 0.01)
(0.0351099 0.0877774 0.01)
(0.0401964 0.0877999 0.01)
(0.0452333 0.0878194 0.01)
(0.0502466 0.0878347 0.01)
(0.0552502 0.0878436 0.01)
(0.0602509 0.0878474 0.01)
(0.0652509 0.0878486 0.01)
(0.0702509 0.0878489 0.01)
(0.0752509 0.0878488 0.01)
(0.0802509 0.0878488 0.01)
(0.0852509 0.0878488 0.01)
(0.0902509 0.0878488 0.01)
(0.0952509 0.0878488 0.01)
(0.100251 0.0878488 0.01)
(0.105251 0.0878488 0.01)
(0.110251 0.0878488 0.01)
(0.115251 0.0878488 0.01)
(0.120251 0.0878488 0.01)
(0.125251 0.0878488 0.01)
(0.130251 0.0878486 0.01)
(0.135251 0.0878473 0.01)
(0.140252 0.0878435 0.01)
(0.145255 0.0878345 0.01)
(0.150268 0.0878192 0.01)
(0.155305 0.0877998 0.01)
(0.160392 0.0877773 0.01)
(0.165539 0.0877428 0.01)
(0.170579 0.0876752 0.01)
(0.175382 0.0875538 0.01)
(0.0202178 0.0923906 0.01)
(0.0250518 0.0926904 0.01)
(0.0300383 0.0928197 0.01)
(0.0351455 0.092869 0.01)
(0.0402103 0.0928902 0.01)
(0.0452374 0.0929016 0.01)
(0.0502472 0.0929083 0.01)
(0.0552502 0.0929118 0.01)
(0.0602509 0.0929133 0.01)
(0.065251 0.0929137 0.01)
(0.0702509 0.0929138 0.01)
(0.0752509 0.0929138 0.01)
(0.0802509 0.0929138 0.01)
(0.0852509 0.0929137 0.01)
(0.0902509 0.0929137 0.01)
(0.0952509 0.0929137 0.01)
(0.100251 0.0929137 0.01)
(0.105251 0.0929137 0.01)
(0.110251 0.0929137 0.01)
(0.115251 0.0929138 0.01)
(0.120251 0.0929138 0.01)
(0.125251 0.0929138 0.01)
(0.130251 0.0929137 0.01)
(0.135251 0.0929132 0.01)
(0.140252 0.0929118 0.01)
(0.145255 0.0929082 0.01)
(0.150264 0.0929016 0.01)
(0.155292 0.0928903 0.01)
(0.160357 0.0928692 0.01)
(0.165465 0.0928198 0.01)
(0.170452 0.0926886 0.01)
(0.175285 0.0923882 0.01)
(0.020356 0.0973951 0.01)
(0.0253582 0.0975335 0.01)
(0.0301819 0.0976337 0.01)
(0.0352086 0.0976658 0.01)
(0.0402348 0.0976781 0.01)
(0.0452455 0.0976835 0.01)
(0.0502493 0.097686 0.01)
(0.0552506 0.097687 0.01)
(0.0602509 0.0976874 0.01)
(0.0652509 0.0976876 0.01)
(0.0702509 0.0976876 0.01)
(0.0752509 0.0976876 0.01)
(0.0802509 0.0976875 0.01)
(0.0852509 0.0976875 0.01)
(0.0902509 0.0976875 0.01)
(0.0952509 0.0976875 0.01)
(0.100251 0.0976875 0.01)
(0.105251 0.0976875 0.01)
(0.110251 0.0976875 0.01)
(0.115251 0.0976875 0.01)
(0.120251 0.0976876 0.01)
(0.125251 0.0976876 0.01)
(0.130251 0.0976876 0.01)
(0.135251 0.0976874 0.01)
(0.140251 0.097687 0.01)
(0.145252 0.097686 0.01)
(0.150256 0.0976835 0.01)
(0.155267 0.0976782 0.01)
(0.160294 0.097666 0.01)
(0.165321 0.0976338 0.01)
(0.170146 0.0975322 0.01)
(0.175147 0.0973944 0.01)
)
;
    }
    patch_4_0
    {
        type            calculated;
        value           nonuniform List<vector> 
36
(
(0.150243 0.035 0.00249683)
(0.155243 0.035 0.00250319)
(0.160254 0.035 0.00250108)
(0.165241 0.035 0.00250606)
(0.170005 0.035 0.00252807)
(0.175016 0.035 0.00247007)
(0.147751 0.0374937 0.00249751)
(0.147751 0.0424931 0.0025023)
(0.147751 0.0474994 0.00250017)
(0.147751 0.0525006 0.00250017)
(0.147751 0.0575069 0.0025023)
(0.147751 0.0625063 0.00249751)
(0.150243 0.035 0.00750317)
(0.155243 0.035 0.00749681)
(0.160254 0.035 0.00749892)
(0.165241 0.035 0.00749394)
(0.170005 0.035 0.00747193)
(0.175016 0.035 0.00752993)
(0.147751 0.0374937 0.00750249)
(0.147751 0.0424931 0.0074977)
(0.147751 0.0474994 0.00749983)
(0.147751 0.0525006 0.00749983)
(0.147751 0.0575069 0.0074977)
(0.147751 0.0625063 0.00750249)
(0.150243 0.065 0.00249683)
(0.155243 0.065 0.00250319)
(0.160254 0.065 0.00250108)
(0.165241 0.065 0.00250606)
(0.170005 0.065 0.00252807)
(0.175016 0.065 0.00247007)
(0.150243 0.065 0.00750317)
(0.155243 0.065 0.00749681)
(0.160254 0.065 0.00749892)
(0.165241 0.065 0.00749394)
(0.170005 0.065 0.00747193)
(0.175016 0.065 0.00752993)
)
;
    }
    patch_5_0
    {
        type            calculated;
        value           nonuniform List<vector> 
36
(
(0.0204861 0.035 0.00247006)
(0.0254966 0.035 0.00252807)
(0.0302605 0.035 0.00250606)
(0.0352472 0.035 0.00250098)
(0.0402566 0.035 0.00250253)
(0.0452569 0.035 0.00249761)
(0.0204861 0.035 0.00752994)
(0.0254966 0.035 0.00747193)
(0.0302605 0.035 0.00749394)
(0.0352472 0.035 0.00749902)
(0.0402566 0.035 0.00749747)
(0.0452569 0.035 0.00750239)
(0.0477509 0.0374914 0.00249673)
(0.0477509 0.0424904 0.00250296)
(0.0477509 0.0474991 0.00250028)
(0.0477509 0.0525009 0.00250028)
(0.0477509 0.0575096 0.00250296)
(0.0204849 0.065 0.0024697)
(0.0254963 0.065 0.00252882)
(0.030262 0.065 0.0025059)
(0.0352478 0.065 0.00250086)
(0.0402568 0.065 0.0025025)
(0.0477509 0.0625086 0.00249673)
(0.045257 0.065 0.00249759)
(0.0477509 0.0374914 0.00750327)
(0.0477509 0.0424904 0.00749704)
(0.0477509 0.0474991 0.00749972)
(0.0477509 0.0525009 0.00749972)
(0.0477509 0.0575096 0.00749704)
(0.0204849 0.065 0.0075303)
(0.0254963 0.065 0.00747118)
(0.030262 0.065 0.0074941)
(0.0352478 0.065 0.00749914)
(0.0402568 0.065 0.0074975)
(0.0477509 0.0625086 0.00750327)
(0.045257 0.065 0.00750241)
)
;
    }
}


// ************************************************************************* //
