/*--------------------------------*- C++ -*----------------------------------*\
| =========                 |                                                 |
| \\      /  F ield         | OpenFOAM                                       |
|  \\    /   O peration     | Version:  v2312                               |
|   \\  /    A nd           | Website:  www.openfoam.com                    |
|    \\/     M anipulation  |                                               |
\*---------------------------------------------------------------------------*/
FoamFile
{
    version     2.0;
    format      ascii;
    class       volVectorField;
    location    "0";
    object      F;
}
// * * * * * * * * * * * * * * * * * * * * * * * * * * * * * * * * * * * * * //

dimensions      [0 1 -2 0 0 0 0]; // TODO I just made it into acceleration, maybe should be fixed later

internalField   nonuniform List<vector>
1136                                   // Number of cells
(
        (-2.198782676975025 -1.3002534397182686 0.01296507230892333)
        (-2.166987980117312 -1.3882937584411632 -0.02052685646139091)
        (-2.1876233818344737 -1.514725071872304 -0.017997004123234454)
        (-2.23845840118114 -1.653265807683804 -0.011346462781404375)
        (-2.262765338825171 -1.7994223161715874 0.003407120873951979)
        (-2.273748415792942 -2.009886261998096 0.0010351645108518564)
        (-2.3961874724023127 -2.3219489263214372 -0.0902421120491825)
        (-2.83632838931582 -2.9292730308085724 -0.16827752273633367)
        (-3.591375790791978 -3.6825215093184824 0.09567301358746239)
        (-3.751056628004733 -3.489564238505212 2.02680585326894)
        (-4.377721648277784 -3.5118207019512004 4.038585321996387)
        (-4.573877728943437 -2.7662762934138763 3.749594816072203)
        (-5.603866924039421 -2.4047733251054204 2.651022060871581)
        (-6.6568074499489365 -1.9377438868895593 2.1684289504101932)
        (-6.621784369724403 -1.1801180675775509 2.728353608174804)
        (-5.729314906210146 -0.4789937338652078 2.178806871288557)
        (-5.277283500281753 0.01156452119030153 -0.07182421031409292)
        (-5.830123124308521 0.5302129258316872 -2.282934800110776)
        (-6.688619740556858 1.2412903205053105 -2.7031392603211195)
        (-6.569738352037708 1.972516804708385 -2.1720010881493614)
        (-5.52913796327327 2.4436254080801856 -2.740097406691425)
        (-4.614181356300804 2.835569384543729 -3.841117841653898)
        (-4.189243863656164 3.3648529990460743 -3.624883830397597)
        (-4.066865269198086 3.855351692912036 -1.7492981484163632)
        (-3.3920833619780426 3.476500354745764 -0.24054038994283325)
        (-2.7962210734546398 2.8801612414345694 0.2023791760995308)
        (-2.3761736912740044 2.2948611424528362 0.06658542793475902)
        (-2.2804897255517846 1.982653218811766 -0.0005395970976221783)
        (-2.260862625126024 1.7968266607759147 0.003021663385273569)
        (-2.2379845329335684 1.652255293622221 0.003414885266828864)
        (-2.215028149484591 1.5170303692919205 0.0044462874398947545)
        (-2.1666106251893464 1.388069480706249 0.011566196245384441)
        (-2.1344777435105624 -1.1617303932042526 -0.0285961936791096)
        (-2.205344417237911 -1.2512738444943343 0.0034332807100576675)
        (-2.2077342104806386 -1.3364300440316668 0.01158047370806179)
        (-2.16881290745578 -1.4587728136835763 -0.0021494881902329)
        (-2.229849395327504 -1.6159361527378695 -0.0035273873287706304)
        (-2.291576520385347 -1.8908998116881488 0.02089889630929786)
        (-2.73490946407414 -2.5515850586467415 -0.1828235451607425)
        (-3.503459890862511 -3.4866841905901973 -0.2890240580602054)
        (-5.303868613646936 -5.228730084209104 0.5647952294699088)
        (-6.256446608099715 -5.717156740574209 3.8206096150055084)
        (-5.211916461565623 -4.1045609178129485 6.727872329760959)
        (-5.205781029511009 -3.272985910323145 6.087425954251261)
        (-7.833949515387947 -3.710244890376815 3.1238799314675143)
        (-11.25433717187852 -3.7816339008600015 2.949470340728749)
        (-11.008766672340306 -2.3461750089247078 5.256630705256647)
        (-7.433572622764409 -0.7465971854007946 4.427120483107063)
        (-6.12218748096323 0.04607548865643886 -0.7565944315667117)
        (-8.499641824080822 0.9838196591069499 -5.19939508727601)
        (-11.535619418493393 2.6440398492240478 -4.6384274362586755)
        (-10.368570419293425 3.665006450492743 -2.5399816398330968)
        (-6.745512950880664 3.320494313785063 -3.8557786629609976)
        (-4.998501369129029 3.223398902978398 -6.551095895560743)
        (-5.68517214673423 4.441713921923164 -6.380771609526914)
        (-6.232995657487493 5.7628072608013365 -3.243445711924167)
        (-5.0176737307967185 4.950704962024101 -0.1759205143512546)
        (-3.476304265719385 3.448932827589543 0.309544863868426)
        (-2.6509248863958352 2.4663670346069577 0.0973210988425138)
        (-2.2954654719343273 1.8692354589861044 -0.015142149589373308)
        (-2.1950016320573047 1.5880225325623045 0.008285853248986237)
        (-2.215710373695944 1.450857352334768 -0.002083244672084431)
        (-2.2050437557511744 1.3344670222236636 -0.0016970887703074708)
        (-2.1441531528184115 1.2164351527353645 0.010220355821652484)
        (-1.9560377573594503 -0.8959487338369236 0.022779460440528705)
        (-2.1178259685086216 -1.0588050132306357 0.010167642594512732)
        (-2.169807693587944 -1.169715476418033 -0.02210112539339095)
        (-2.1822813380699317 -1.2777307723888423 -0.012224854894483272)
        (-2.196403440830461 -1.4680324161304281 0.036581327738756976)
        (-2.297255835546223 -1.9310603266305426 0.17254304313138555)
        (-2.8163231201423318 -2.722365547915369 0.2866567255407643)
        (-4.27015342319741 -4.399277446002851 0.5596805730136385)
        (-6.3692755982273805 -6.521548549482537 2.165119655110128)
        (-7.848713340037776 -7.437838539990011 7.6011192483447125)
        (-5.169233328929126 -4.295917612267998 11.699012514152235)
        (-4.2822490484907405 -2.853385717300699 11.164142912546506)
        (-7.563232010605773 -4.079136077043761 7.132824625723155)
        (-13.64147591358396 -5.388011125905876 6.223892048105496)
        (-14.676810432507644 -3.7558766893792646 8.941478466172839)
        (-8.278284484728854 -1.0053435391523617 8.173889012397474)
        (-4.583128000790583 0.04903077341797601 -0.21797828696864086)
        (-8.39114755661926 1.2003589977202767 -8.553878401173913)
        (-14.726527820052212 4.093916583124935 -9.137974900537527)
        (-13.721724194635478 5.735228538329995 -6.504008994558334)
        (-7.157281375466877 4.0441709019686325 -6.940170700195232)
        (-4.22647298721539 3.018109457617644 -10.498102221827533)
        (-5.533045437867343 4.639379442373546 -11.362812312183998)
        (-7.706131012460301 7.351358111837972 -6.525575734409045)
        (-6.415501793097677 6.572900523300408 -2.2710215918510217)
        (-3.7982211751627015 3.9429129959363856 -0.5586151223949023)
        (-2.770105307302103 2.673455711730443 -0.3819779502445239)
        (-2.275204457768515 1.880118344182201 -0.18355218646060445)
        (-2.157173813276811 1.3794692573834202 -0.00010043223695977224)
        (-2.2399319910073308 1.2883676581728034 -0.0026498922099408052)
        (-2.170123348433809 1.169198029337457 0.010643128943416798)
        (-2.0937297898783456 1.0460065383613468 0.008980977064271645)
        (-1.3938549036965573 -0.5853542223814345 -0.037608991963799715)
        (-1.6085881966833282 -0.6639487148501982 0.025337406529691124)
        (-2.026622008673917 -0.9388125731354 0.014552280385585648)
        (-2.1353722382166107 -1.082830993873138 -0.009821702137910006)
        (-2.182018711743196 -1.4909386135091611 0.16649442648880428)
        (-2.1132863822029955 -2.030213076246505 0.47434050036622066)
        (-2.5143359084623396 -2.837697911405016 1.3292675261155866)
        (-3.4242856167458107 -3.9688104663521635 2.6371087160054745)
        (-5.3081085499613385 -5.994331577332995 7.3201400552426374)
        (-5.38868466959668 -5.677827623554305 12.729756766556697)
        (-2.381024233142991 -2.172390461565134 17.42060108500986)
        (-1.269112516009212 -0.9633129993014007 17.593692001612908)
        (-2.9559992249625706 -1.779544344798018 15.673647666451114)
        (-8.251627451396228 -3.690855882345061 14.018905118938358)
        (-9.093146028904304 -2.649332165739957 14.09000811668891)
        (-2.430827141666682 -0.33708130946106163 9.108431426197523)
        (0.5950199372117624 -0.0075992999892151615 -0.1694815892939845)
        (-2.2310393721405215 0.3664869971056085 -9.595963831923868)
        (-8.936803555931059 2.834699373617167 -14.904234606439674)
        (-8.767524782930556 4.131100121389633 -14.62037249805288)
        (-1.8354202151516303 1.1779346183843864 -18.203250722167965)
        (-0.7718223425524899 0.6145666747115435 -18.845695117313298)
        (-2.988247906406449 2.7955022547689126 -16.469438696605984)
        (-6.0370444482026695 6.3945212851485795 -11.724319527275387)
        (-4.939458648266228 5.607272519556318 -6.399599519021311)
        (-3.2419263015280237 3.769617620395266 -2.5999009833772226)
        (-2.403944412839417 2.6466726166850596 -1.2269433403597665)
        (-2.2506262782405706 2.053502118890495 -0.5083055855517706)
        (-2.2350354380746458 1.4243965161767036 -0.18788233259576548)
        (-2.134636980976154 1.0578962926211184 0.004005560242302924)
        (-1.9634013821844865 0.908802551552913 0.010704940363799337)
        (-1.6014548424506951 0.6592022168246996 -0.01830688416785435)
        (-0.45975221828835333 -0.15966881189918697 0.001468133017649412)
        (-0.7528073441171077 -0.26066944446136153 0.009761285468280098)
        (-1.1491542942453237 -0.41640487192643083 0.035654947566715736)
        (-1.7141980644988828 -0.49712760014260376 0.337226151126484)
        (-2.1480948774636364 -2.048885577627811 -0.21167417586821896)
        (-1.7852406058891606 -2.2728983711287336 0.32788842449056405)
        (-1.850425636107976 -2.560254018367179 1.2479774944553776)
        (-2.205220293914375 -3.0714565487568124 3.3462881167069343)
        (-2.477174972509144 -3.347243185420933 7.937549998273229)
        (-1.8015843145104382 -2.2256837189968173 13.408659417574695)
        (0.5418532529412103 0.576589842857299 19.908290109909316)
        (3.645833389115514 3.293289254770792 25.84313004464652)
        (7.5865221375477745 5.533544784583226 29.36623228792317)
        (9.774975040324996 5.263781062191235 25.42675593845164)
        (10.434178465027049 3.6691335270651626 15.297668852938326)
        (10.627999483016684 1.7760191867135826 5.590186936077169)
        (10.425624494200692 -0.17682561346189424 -0.5682504507339381)
        (10.438608337695499 -2.098764707680056 -7.292263080319878)
        (10.179938450371054 -3.924668520589554 -17.443796515255755)
        (9.311314419649298 -5.357279473520101 -26.543226147347585)
        (7.544435400547171 -5.668635775580622 -29.876241907407515)
        (4.336890445968644 -3.8695445992217037 -26.970524211461644)
        (0.5767034468583729 -0.633971426766631 -19.914480682244243)
        (-1.7920115640890772 2.2872681790681657 -13.72213469841197)
        (-2.609750361583088 3.529301252839718 -7.240688384821555)
        (-2.111072101644333 3.08222762290373 -3.0964620531961415)
        (-1.84185129163381 2.646239282598693 -1.3470583454447724)
        (-1.764527008135714 2.2690214670824163 -0.2779812912604387)
        (-2.4451652293880493 1.7934763695259437 -0.15377654466449509)
        (-1.579136882958718 0.5382239212462612 -0.13961039281658233)
        (-1.143627933141793 0.412219490756045 -0.0310652081588836)
        (-0.7549470484039106 0.26093855281865186 -0.015290056268637274)
        (-0.17076567839917306 -0.04673792838667482 0.0016905480204874805)
        (-0.22538935580925978 -0.06615484269769413 -0.001120967038584619)
        (-0.2884968437547272 -0.07967145617235236 0.019211819787068585)
        (-0.49305609807988166 0.20637766104012345 0.6119815191775497)
        (-0.6176960364560462 -2.43249568479884 -2.4117650571454474)
        (-0.9420977958656783 -2.223202866248072 -1.1207772322546323)
        (-1.2784220765445138 -2.482825770887244 0.20625087517903617)
        (-1.490292593818923 -2.672341616471611 1.3748299735120304)
        (-1.847339897767882 -3.0993408693032904 4.187793567452916)
        (-1.008821876078728 -1.5289512485302805 9.491216439008483)
        (3.061107608375565 4.071066825558044 20.67010608193776)
        (9.83307811004229 10.84757922421808 32.62583275746525)
        (18.590971717629948 16.363915555758055 39.339815328139814)
        (31.038340185527 20.45641223752244 35.83107788739792)
        (31.05865529918365 13.822570466414392 14.760944505841904)
        (23.856984653374536 5.070274325284076 0.5513332748342457)
        (20.10135955417721 -0.21399813150549565 -0.09448171800137928)
        (24.043807037776816 -5.62055254371346 -1.1604116454417621)
        (31.457993861960723 -14.349178883000178 -15.723249703292954)
        (27.023040006997746 -19.22271924112667 -35.143777873108824)
        (18.56355828293164 -16.97144068560032 -40.04243240741218)
        (8.38936349293213 -9.542741632777071 -30.875337998021543)
        (2.5687265297478614 -3.4378830471228996 -20.033969612950838)
        (-1.0999884341616881 1.6760630957418217 -9.254422389722793)
        (-1.7757326715479722 2.9668058939397666 -3.9202095293574866)
        (-1.5976353497979374 2.8870051530500316 -1.0533566997626034)
        (-1.1550056203510108 2.387707826654898 0.17122506521701664)
        (-0.9366905409202735 2.2538972561712023 1.101255041216036)
        (-0.18757594099397504 1.4305917919871132 1.6476413680214348)
        (-0.5047532664117739 -0.1060478915704898 -0.4616977944101618)
        (-0.28892850202870635 0.07960024754212966 -0.018289212775826003)
        (-0.23556487816023652 0.06946570371619872 -0.003847606762139795)
        (-0.05110282753562181 -0.012014542658440944 -0.0017209788085907228)
        (-0.06646137759325654 -0.013647883867177388 0.004453151732093619)
        (-0.08462939936861333 -0.015896801543786886 0.011221061973894721)
        (-0.07896874026040772 0.07762966699971346 0.22599619381189767)
        (-0.12757738969533533 -1.5714440988840288 -2.7644261445996574)
        (-0.4142164123658042 -1.7685885573009743 -2.2709314858744776)
        (-0.7831313139685894 -2.264942498274813 -1.6389251329850332)
        (-1.157635394778796 -2.833967402416325 -1.3278610187966582)
        (-2.48056108928073 -5.488817361585926 -0.19801206101095975)
        (-2.4274543366844448 -4.779214541506397 4.0190300352672095)
        (2.748565704011864 4.810787061301257 14.579364588865236)
        (11.451668998030984 16.694385162409997 26.265865413675247)
        (31.80314910010607 35.762536911675475 41.63771901344422)
        (51.50868569479065 43.871043861037464 33.79129032456266)
        (50.71546529743081 28.574349002876197 6.322007325916577)
        (33.05930451829464 8.832324277404744 -7.154086593115757)
        (24.6106777122894 -0.3114694946204176 -0.07905860072684945)
        (33.040941090417114 -9.934618990566422 6.674109026013049)
        (50.40950655444754 -29.357809615275535 -6.600154631922335)
        (49.27330303786559 -42.80596918103437 -35.0633295314174)
        (28.74489970457936 -33.25793768563306 -41.67105606281188)
        (11.687837903714836 -17.276576591171796 -26.708355596748866)
        (1.309069926236477 -2.247772777144947 -12.603233540193214)
        (-2.4210978261547793 4.801702355350329 -3.9304319485323505)
        (-2.174718709693593 4.77392174529321 0.36231403313496746)
        (-1.282582373122971 3.127325219824994 1.2479313195975523)
        (-0.6742526755332199 2.116056373667222 1.8122872846540186)
        (-0.4089519522340034 1.7694362561726709 2.2681650326658356)
        (-0.04473130659227342 0.9900401729120185 1.8776579568626848)
        (-0.09872923461451319 -0.06889731946434517 -0.2174688466762708)
        (-0.0809886441248493 0.015131022924811121 -0.010793985712914494)
        (-0.06598736964533843 0.013673751031047308 -0.0034045125815834756)
        (-0.4488157994945601 -2.0262835565975132 -2.7743694763044426)
        (-0.6958733371956158 -2.5018146940329435 -2.9566874107897814)
        (-1.7757777625447426 -5.606842980265672 -1.9141396568947584)
        (-2.258170486449012 -6.184264182823687 0.024440445363119845)
        (2.056966965516815 5.09066526724654 3.8456471545681055)
        (11.207014997285906 23.777924422942075 8.33686643375593)
        (28.549770389558454 44.61603362154461 14.978205704109936)
        (49.6393474182783 57.08574707135296 5.039285213921772)
        (48.26559880214479 37.620750765096666 -10.247112771834352)
        (28.833726300174778 10.634922053331836 -13.949380907970063)
        (21.205807817818062 -0.5290135180965979 1.6455008983791757)
        (32.2010976768997 -13.293582034501302 15.16290820179972)
        (50.091392660481034 -40.595271041621544 10.973273417511859)
        (47.404792534060505 -57.77196887097305 -6.812054222121882)
        (28.809266063940868 -44.869544496769564 -14.78306505710388)
        (9.102622330814151 -19.27545074539782 -6.918758418956788)
        (0.581015122736454 -1.430584910802219 -3.3324537802726155)
        (-2.2383756296653368 6.221168276894963 -0.0008934324787146508)
        (-1.5778665804374068 4.9493317274717885 2.1900774531126386)
        (-0.8075847634613877 2.990854968135185 2.731565712930066)
        (-0.11862042368586022 -0.9980088132594117 -3.582781873542496)
        (-0.2475220804559095 -1.507238374623958 -4.210368558087775)
        (-0.5641678537229176 -2.9950660802822346 -4.322316730806427)
        (-0.6031533143812005 -2.7582704395807878 -5.343771537865048)
        (1.3086111285949147 5.253385009346992 -9.479779832430767)
        (5.662996017261236 17.730672355742467 -16.297206979239256)
        (12.748419307328174 32.88711480775485 -22.46929224697491)
        (22.200503223866274 42.153083877916984 -29.15226403966467)
        (21.855475028530176 27.75554601845221 -26.11801567494763)
        (12.916602181719224 7.198587335372216 -13.023023542336087)
        (9.736241431652289 -0.938494647612398 2.085327856795992)
        (15.504005150303366 -10.78529464563502 17.20246826734229)
        (21.070802856703082 -31.589062794994458 26.158266900995553)
        (21.75210872763877 -43.88610951395289 28.63310367309179)
        (12.133141721334413 -33.031536413986494 23.27753602044298)
        (4.647642252216343 -15.067274655418199 14.90850273572924)
        (0.6127548649052784 -2.489071405188538 8.68970639888561)
        (-0.5850733172466938 2.711658375628714 5.392150220513734)
        (-0.5308591051779441 2.770003314667308 4.155835914601965)
        (-0.2393713115308681 1.6004324165160575 3.8248579717352302)
        (-0.013069393772940668 -0.32559177116430293 -4.065703666031027)
        (-0.02773846806296143 -0.46496641425192464 -5.197425418422096)
        (-0.04520090841197749 -0.6921941232811462 -7.2196367591799175)
        (-0.020996765476501533 -0.29631022144157004 -11.130496989279814)
        (0.22885871543782088 2.7677711819195565 -19.613496855524986)
        (0.7272233290294772 6.470664759169475 -32.441212258990866)
        (1.5228188426510019 11.105384643416858 -41.75255198153553)
        (2.3532675323765777 14.160224164444397 -43.71172614211714)
        (1.7128024654021676 7.4925342034653815 -29.19649980330952)
        (1.5127271695237896 2.7008227295540603 -12.907482413312009)
        (0.9692182848311708 -0.023025333349147182 0.15597586956658205)
        (1.4154372638765498 -2.8998902212800886 14.61506665042727)
        (1.5049599153792013 -7.313104754189664 30.939023081480002)
        (2.3729497474592574 -13.453968226094286 44.594098337979524)
        (1.4746460666035812 -10.716363169397216 41.926351359317096)
        (0.5455217664744323 -5.598224677355041 30.46786715840028)
        (0.1138795483417665 -1.3873395650225375 17.964749640149357)
        (-0.019867581509773635 0.26605655547655815 11.181292980919137)
        (-0.05034915033054488 0.7184794871208746 6.495705158296611)
        (-0.024097708395889206 0.4612568906839536 4.787402002269562)
        (-0.014502813697278252 0.3555256330043049 -3.9806852218122786)
        (-0.04140799641578441 0.6878511659903062 -5.068084499758546)
        (-0.044194508597949156 0.6703346147397118 -7.236439276275695)
        (-0.012462721436014124 0.1716088812981904 -11.110914274410426)
        (0.09848438944703053 -1.1823343659009786 -19.373333070369455)
        (0.7415105613614693 -6.56301637428807 -32.45345743488815)
        (1.3251803885969695 -11.491214635785107 -42.110689785149376)
        (2.404629566257669 -14.412592381944124 -43.56508476455651)
        (2.491763331200856 -8.46643663354314 -29.167347907607926)
        (1.401445614620391 -2.464920257843619 -12.093811423796422)
        (0.7584803907082485 0.11404254913858022 0.8155512565659171)
        (1.482706803181144 3.160413044907316 14.274955374811645)
        (1.6100538076328252 7.306682665714804 31.149791312704107)
        (1.970818275171226 13.3509154444358 44.67305367175308)
        (1.223503123950828 10.654403211888367 41.97773567334218)
        (0.5582973901294064 5.7308140666528296 30.540601959497728)
        (0.11327658197524854 1.380341888658052 17.962551520057126)
        (-0.01897471093959291 -0.2577781432825671 11.155249201217867)
        (-0.05739836137399312 -0.8188298579046793 6.495753383988072)
        (-0.024876270783963872 -0.47490939132216403 4.757760806082755)
        (-0.12355634606776182 1.0332759293922193 -3.5644361792311563)
        (-0.35209336338341735 2.1362040457937734 -3.623180111544913)
        (-0.5274489003735623 2.7908104176866617 -4.503076359667893)
        (-0.5522286710212657 2.517287946779219 -5.288453491723341)
        (0.7290702742092663 -2.781195247140456 -9.083985003136272)
        (5.723332027690695 -17.88174075082414 -15.791068810109753)
        (13.267649021727202 -34.035960612631705 -21.803798437428185)
        (23.01301451893393 -46.53076983484524 -25.86381097142177)
        (20.533053242510316 -25.845283141836315 -26.186340586010616)
        (11.705029418993453 -6.74952135116752 -12.676470936352594)
        (9.578979567484982 0.9431861351271471 2.163748889075814)
        (15.902349807707035 11.059026122368332 17.043805179896925)
        (20.885819258584615 28.112647765807907 27.43275912511257)
        (21.26214397377089 43.27791363753354 28.999069516737524)
        (12.731232014227965 32.72265744982244 22.819044223038304)
        (4.682058944953946 15.180171111555218 14.981030040246981)
        (0.6291421086085134 2.4868466456678493 8.51239884284534)
        (-0.584188910443809 -2.7141426049818698 5.42597341902507)
        (-0.5593656225182451 -2.918766449674348 3.998939442011191)
        (-0.2292660769946071 -1.5328383472923064 3.8659533064070573)
        (-0.36192302398899784 1.6278239065055404 -2.8251956822509126)
        (-1.0434847570956913 3.7414722891375396 -2.387157514299013)
        (-1.6493406388784342 5.242498699489298 -1.9600346106027842)
        (-2.0736062178845547 5.7839475162890395 -0.038095048375660356)
        (0.8900802585060834 -2.198952391289085 3.023769836931964)
        (12.191127383748086 -23.077629364148613 11.285216239756842)
        (29.014890156126565 -45.017103951421184 17.30652165162415)
        (49.235536947260954 -54.671036739594825 7.992204914213867)
        (45.09008331524205 -34.76416597288987 -12.580687049188713)
        (30.289240225671286 -11.306197146424584 -12.722770820212293)
        (22.16184012192522 0.5562646806490218 1.5452706239144454)
        (34.04773071141181 13.505371640914696 15.120205684778378)
        (47.6553346286131 40.018251125864545 8.882587166002114)
        (46.911101657598934 57.5696454397443 -5.0478890736576005)
        (29.172579766977563 45.386100118747684 -14.044663880340122)
        (9.255096233162789 19.50581885459338 -6.938564133293032)
        (0.5933230533366163 1.4609309014362202 -3.3635315817440787)
        (-2.2769840966428996 -6.346213813024011 0.011547773573910458)
        (-1.6571552533703424 -5.198009849210399 1.9804542003144274)
        (-0.8466704422231995 -3.1352599093105713 2.706047817862002)
        (-0.05013830866766928 0.01177891633100954 -0.001603320144021303)
        (-0.06672524867305514 0.013845878714742518 0.0033260581229570007)
        (-0.0845740122432742 0.01609203130272041 0.012216525549599452)
        (-0.08100273611308531 -0.0735810607520534 0.22195007766980984)
        (-0.1440847957998886 1.58517682306424 -2.7948907901163142)
        (-0.4188276776162637 1.781567859380044 -2.317001159361823)
        (-0.8470054603653172 2.4422930606535345 -1.6291064852529655)
        (-1.571326865885584 3.837912453206235 -1.1355341762246776)
        (-2.5510574097571013 5.6268709612674614 -0.3317408378858172)
        (-2.219787813009773 4.34956449949641 4.127322516900869)
        (2.2668327847093552 -3.7179351103957363 13.81993794705384)
        (13.46341991966126 -19.893290629729115 27.41820534346004)
        (29.17932337929632 -32.7366986823636 41.09597249730605)
        (52.227711298573894 -43.46569904412174 32.27551200369579)
        (50.62771099094955 -29.00900413563375 6.5095942669447915)
        (32.91735027948829 -9.088667229605793 -6.948269150888408)
        (24.51216026993521 0.2608389795899286 0.083023933060281)
        (32.98232328934554 9.912771059189039 6.955706158198769)
        (50.943575887542835 29.807993405295992 -6.0869479141004055)
        (48.756599399520354 42.764368285686054 -35.95648775946985)
        (30.499352466196378 35.02457790973652 -42.22329723871182)
        (11.368044163209307 16.686178552640282 -26.579012671833983)
        (1.3254100789781358 2.312615226114809 -12.366127838855167)
        (-2.4285704324790034 -4.823876423249277 -3.947442458207755)
        (-2.2869286387844925 -5.020714646274546 0.3011060260971049)
        (-1.3869680926380097 -3.381773985894925 1.2304114176832572)
        (-0.6782466571247794 -2.127184195544975 1.82110899198661)
        (-0.41154159291081643 -1.7786442606117427 2.2613349830614866)
        (-0.04454831360490226 -0.9786704791883636 1.8787451880055301)
        (-0.08718166665469354 0.06025595800151433 -0.19769254268459335)
        (-0.08148347909947624 -0.015437099733768448 -0.010487390195760754)
        (-0.06614795570531773 -0.01379188700648153 -0.0030698624715137144)
        (-0.16741457770875046 0.04613763134327627 0.001770506970233351)
        (-0.22367669138575322 0.06595807175470804 -0.0011946970348718055)
        (-0.2990118318750991 0.08322400330271458 0.01764152774245124)
        (-0.47983201406366044 -0.18597338733944332 0.5888293930943909)
        (-0.6410487738536232 2.4872472379621375 -2.3945761434806445)
        (-0.9628499466205116 2.261706160615823 -1.1404342387349398)
        (-1.3317277101254419 2.579791841706493 0.2839720649312325)
        (-1.7306613518483616 3.0989113380428854 1.7414157284804053)
        (-1.8289714698196788 3.0702438823766163 4.209754165992284)
        (-0.9700690101672031 1.4701353464089697 9.449883545475728)
        (3.54318781417333 -4.640543710518184 21.557131795779057)
        (11.195392237631514 -12.140692800719025 33.54762791742487)
        (18.63917113045804 -16.818013198915537 39.75281943821569)
        (31.367201263226377 -21.06044841550709 37.03984210984249)
        (31.42169542445512 -13.72186261803304 14.71504710925835)
        (23.872656007256456 -5.066790336693889 0.7324117200548943)
        (20.1959771271001 0.2198765070862428 0.0011852654799096585)
        (24.127165755001613 5.646034476738728 -1.0565975124250908)
        (28.331538250233997 12.985774689490734 -17.614486069896124)
        (26.608023511680777 18.20723038013203 -36.23731663227615)
        (16.126886265030464 14.306337622157224 -37.96679757821008)
        (7.695325102939676 8.668983298768513 -29.612007239028095)
        (2.0203197031248803 2.7240120553373215 -18.533701711167144)
        (-0.9954219148765592 -1.5270288456111532 -9.580241377429843)
        (-1.8787731571781818 -3.1382135284924386 -3.8748517668719455)
        (-1.6264419762927624 -2.9006183973853044 -1.480014503508282)
        (-1.1606276493094245 -2.3997369770274117 0.20901880227165617)
        (-0.9420764383141063 -2.2629745742956593 1.1027854255968716)
        (-0.17816171790756397 -1.4497377351185257 1.6946594006810494)
        (-0.5098802477758131 0.12828127270005102 -0.49857485422412695)
        (-0.2900566771471397 -0.07965176918534403 -0.01860883507566735)
        (-0.2377894304693386 -0.06960864637874688 -0.004467366043357975)
        (-0.5053808533843808 0.16611310279236932 0.010161668152218892)
        (-0.738941899277576 0.25628034989588433 0.014158841214137874)
        (-1.1563139503807274 0.41929370133445953 0.02710030843934227)
        (-1.6438202590785502 0.43326442996988845 0.31730985134696404)
        (-2.3994006300831785 2.0776945847594552 -0.037151996426993655)
        (-1.785350636028458 2.257889887756121 0.27942819050238354)
        (-1.9951037770332747 2.6926672564530483 1.6826646663666347)
        (-2.3808336661998157 3.294266941012209 4.114538525177751)
        (-2.555791428568281 3.413436977053626 7.729684927763911)
        (-1.6200361682496303 2.005814058169313 13.330863164240688)
        (1.123468459460121 -1.223451059493329 20.869591984874052)
        (3.6194243497645164 -3.215308470750445 25.09148324620358)
        (8.953840927821458 -6.512252411513924 31.005913808536963)
        (10.514300884727726 -5.689136373316733 26.617660554007234)
        (13.107733274112265 -4.60360905524602 15.731890206031235)
        (12.418151459748028 -2.071012379589383 4.880330699635028)
        (11.471896254579601 0.19784733152719092 -1.6062630872602561)
        (11.041485659349078 2.222802912519043 -8.191404969969657)
        (10.287897951110459 3.9688467056127177 -17.84477955066166)
        (9.75390309077925 5.604628495601824 -27.03771833542281)
        (6.171765973373961 4.689683984088151 -27.887122606727964)
        (4.138694966633396 3.772269758002717 -26.412986611751823)
        (0.7120321862219798 0.7944214962563753 -20.28540846524711)
        (-1.8403850153881545 -2.273946509513382 -13.159985441579442)
        (-2.6379472984660652 -3.5451839484465495 -7.000404300337405)
        (-2.3093728529374338 -3.166794102042795 -3.443849250904097)
        (-1.8222146826784906 -2.5359479036779113 -1.2099976067151146)
        (-1.7707276470197126 -2.2663467095747194 -0.29067382594778396)
        (-2.472601701991725 -1.6566691237317506 -0.2670591590887904)
        (-1.5959148595936186 -0.529975936091523 -0.15623591134248185)
        (-1.1517009266035778 -0.4183874837866563 -0.027325448475462803)
        (-0.7485192914422593 -0.25940516750658155 -0.014755726464708501)
        (-1.3640992722136263 0.5722981646374996 -0.027663671737009763)
        (-1.619586733153541 0.6679749499937181 0.01556174440616457)
        (-2.0378831459981863 0.9442496124351921 0.0002840966476584071)
        (-2.1602701734490486 1.0943859793733945 0.013099489204725343)
        (-2.2041092984001427 1.4789568004256548 0.19547010857490915)
        (-2.2454782504998576 2.1541909036483076 0.6663535932020339)
        (-2.4599245034190833 2.6942329036105743 1.1375281481080324)
        (-3.2687248070949035 3.8247738442908004 2.8709895880851297)
        (-5.3478695557453655 6.052132324871405 6.583733804227364)
        (-5.32146541336919 5.609465665774251 12.22550586041901)
        (-2.286055126441673 2.108595563061411 17.545386486854145)
        (-0.5023629812642515 0.38882839457554513 18.88771079908611)
        (-3.1863305557313577 1.9495964438708155 15.968600870237694)
        (-8.973637663884002 3.999741070274199 14.259001417237076)
        (-7.805584112110097 2.271077499961109 13.594146254914332)
        (-1.5612874439275224 0.21603305369941808 7.765848270626838)
        (0.5199577880889259 0.006812136222405014 -0.929182354586566)
        (-2.838953102756707 -0.46741606029102767 -9.49815925604537)
        (-9.072474726872107 -2.8813659209058096 -13.950490821247469)
        (-7.862797530164018 -3.7387811878194643 -14.319020966418272)
        (-2.4473390492997296 -1.5879211408097995 -16.56386328393852)
        (-1.0817936523791263 -0.8521438191958126 -17.92241890900251)
        (-3.173475494340129 -3.0159930196785325 -16.80740265033243)
        (-5.468392668683173 -5.77947031901616 -12.590976167890354)
        (-5.081035915894936 -5.733785520181114 -6.163208806472431)
        (-3.510906739437817 -4.04371647580859 -2.7166222046481208)
        (-2.427146671859427 -2.637215014107433 -1.1668843156154145)
        (-2.186814000003877 -1.9886187646873643 -0.5362131433893549)
        (-2.2294267190703843 -1.3812829157932496 -0.21933162093877587)
        (-2.1375223573585433 -1.0592611577003634 -0.00011311008692917787)
        (-1.968596424666309 -0.9114690321039045 0.0130432123684666)
        (-1.6157049909719823 -0.6674469232455797 -0.016832621440081838)
        (-1.9688040273949192 0.9008949104491625 0.009143380183662304)
        (-2.1508790300631704 1.0748527175223048 -0.005445527887501933)
        (-2.117075821941689 1.1406776812813118 -0.007584569284950954)
        (-2.164066082090549 1.2668601147572598 0.0006320617808713508)
        (-2.2082037830527073 1.4517696226834953 0.01631843143737236)
        (-2.313562317690464 1.9477686787995294 0.19591282245893793)
        (-2.763028704493157 2.684405602733267 0.3981077250415815)
        (-4.391761971581692 4.561177158904416 0.8566732058703133)
        (-6.601316803126951 6.771184867333069 2.5950830013398782)
        (-7.604592968254397 7.12687604502097 7.128845117582924)
        (-5.350380240922498 4.4512387204265496 10.264831882121833)
        (-4.44072330586669 3.0200417015155114 9.93208258536567)
        (-8.291143406126919 4.471006342419766 7.283262457013591)
        (-13.835964462523622 5.457471463419873 6.909131832809785)
        (-13.676248047740081 3.494382371299502 9.22802892979558)
        (-7.165835819279225 0.8681697961771684 7.178161498271139)
        (-4.464683220777226 -0.04902494759464277 -1.0747470016809382)
        (-8.863982158620695 -1.270618697842366 -8.6071970573161)
        (-14.53528847761253 -4.045663168956364 -8.689004865357937)
        (-13.371634927860224 -5.5939447205574195 -6.034807567905391)
        (-7.0845306690913965 -3.9869096825155554 -7.588399546739269)
        (-4.069579876106971 -2.901605772521044 -11.349889737272692)
        (-5.589761915096399 -4.711054233308895 -11.002776362354732)
        (-7.708487790792329 -7.323922590410332 -7.271702717855079)
        (-6.516388557259853 -6.733196041151923 -2.7098158705880344)
        (-4.221152246758956 -4.32049259606165 -0.626964037297627)
        (-2.710160038360289 -2.612918187649191 -0.4054188051489103)
        (-2.3143712160266476 -1.896965329824112 -0.1840002509359281)
        (-2.1866695098131186 -1.397683348730348 0.001017921293951722)
        (-2.2167076691994425 -1.2742382837206478 -0.002614327271383745)
        (-2.147634182038428 -1.1569200478980692 0.010533689515847967)
        (-2.091555352786563 -1.0452827568603156 0.00915124896823383)
        (-2.0816903630844967 1.1326390989761774 -0.01429721151954872)
        (-2.186586894550047 1.24061035820732 0.0038690901213572085)
        (-2.236514420997526 1.353668362477626 0.002299882504917224)
        (-2.191563584746948 1.473608428916459 -0.020697741873260327)
        (-2.224627680992475 1.6117793866024248 -0.002581294983301856)
        (-2.301377745775743 1.8999318460504926 0.011327846272983451)
        (-2.542508701896962 2.372346608345897 -0.05982805271792239)
        (-3.4671469143857565 3.4439248437629173 -0.22132516657644852)
        (-5.496346977153759 5.405936085049998 0.6848086298461654)
        (-6.250399251100935 5.612851388168288 4.277003406785802)
        (-4.871732577595743 3.8027977162123205 5.749047478206527)
        (-4.910737496679692 3.07598455393806 5.667029801408142)
        (-6.861179540954356 3.2502547324153253 3.3222425057087555)
        (-9.834045403746408 3.301110131233229 2.7690653312026905)
        (-10.092555431670707 2.147881333035779 4.839631574433134)
        (-7.183667618386798 0.7197775018382109 4.379491812695511)
        (-5.879544582303507 -0.04591599948008165 -0.22670090399119425)
        (-7.80091803530152 -0.9053686528377016 -4.565129488655274)
        (-10.667849028592762 -2.448459136345926 -4.538199234162826)
        (-9.922439844730429 -3.5086502515057254 -2.6485184656928014)
        (-6.642691522861019 -3.2705132461740893 -3.807179445069076)
        (-4.896031007625815 -3.160726552135301 -6.427481458477076)
        (-5.244734518679308 -4.1967947444454765 -5.927217582549148)
        (-6.165324305248379 -5.682034533038068 -2.944722844228062)
        (-5.223886269554427 -5.180569174452327 -0.323930961989)
        (-3.5082945987675007 -3.4810677205210725 0.27447779444441306)
        (-2.5874388860364093 -2.3989482912735896 0.04700295088985933)
        (-2.3034542285608097 -1.8741301897768035 0.014869069688752498)
        (-2.2044951637495114 -1.5949530706900086 0.011373829172235185)
        (-2.234682999320576 -1.4629706368401467 -0.0011395878982523111)
        (-2.224106484937896 -1.3454805181972889 -0.00021326574257648449)
        (-2.162076276325454 -1.2264682720914502 0.011974903318548197)
        (-2.233479852870934 1.3207379718659953 -0.006084795118378438)
        (-2.112905206570501 1.353660715027087 -0.008269731305582857)
        (-2.135416276936379 1.4784799670881807 -0.00583854153125355)
        (-2.189135857985711 1.616596162488839 0.001212871547097814)
        (-2.2516229895353423 1.7904819340789275 -0.0025730548497071475)
        (-2.266529158060319 2.002987690233352 -0.008588035902622323)
        (-2.388242973684775 2.3199000840832005 -0.08027325985795933)
        (-2.8427267337638544 2.923685431368598 -0.2016085325513547)
        (-3.3691517120167 3.4636357736789227 0.2306370896864689)
        (-4.085522619045314 3.835460751694573 1.8216905822125833)
        (-4.228627475184017 3.3379139895602146 3.689838404997548)
        (-4.634466394402317 2.789477342636868 3.811295626532178)
        (-5.524841926936964 2.381685933531042 2.748966698986574)
        (-6.4651645639920625 1.8807866834771048 2.2520640822529465)
        (-6.482307998991761 1.1458368332945714 2.6902930572734)
        (-5.698638863324769 0.4751054634335373 2.1535448363157013)
        (-5.20794497122892 -0.016458310876266403 -0.049529667344229644)
        (-5.714891150740771 -0.5143593485576758 -2.220560504380448)
        (-6.631028983938921 -1.2455636676828081 -2.725846150819801)
        (-6.535684119500952 -1.9333407118277837 -2.2558799308430117)
        (-5.530468779792465 -2.444891728807891 -2.7566569112131765)
        (-4.595899468776997 -2.837983164276136 -3.8554651318559006)
        (-4.255613098171927 -3.4183953362735604 -3.6514428211357988)
        (-4.075384812371676 -3.897922125815744 -1.599588444359168)
        (-3.490475010218324 -3.5663460138983045 -0.1459518915286633)
        (-2.757856779129288 -2.837298880472358 0.1431070392525834)
        (-2.3847686347888013 -2.2978562040041624 0.08474421067793408)
        (-2.2756494691183926 -1.9785756440754134 0.009144639865143661)
        (-2.240136612008935 -1.7803245133192829 0.003857514118916765)
        (-2.2146071470317126 -1.635081308848032 0.004437295397732064)
        (-2.163694880274588 -1.4978174895291696 0.010518521428216646)
        (-2.1428763833537725 -1.3726246669944164 0.012137034190329824)
        (-2.177394541369616 -1.287605978799675 0.009092917385067019)
        (-2.1876248760728805 -1.4015188628554516 -0.00407574294821968)
        (-2.187608475682942 -1.5147178727347603 -0.01799868755321705)
        (-2.2382840473860224 -1.6532600556820125 -0.011382514288270355)
        (-2.2740163912174527 -1.8087242945557032 0.005535301310641395)
        (-2.275960115460152 -1.9809819413958472 0.0071875334124093596)
        (-2.398768418962837 -2.332772050176975 -0.06335208702918348)
        (-2.8308660885959585 -2.924161794625111 -0.03573772525317198)
        (-3.484729605171479 -3.569987071736948 0.35258103681711855)
        (-3.824135435528315 -3.6088598995906764 2.06025956836615)
        (-4.156849977026714 -3.3321349271405394 3.8171975496850656)
        (-4.618007771540502 -2.779961185052683 3.917015593991925)
        (-5.502874869361698 -2.361297703526119 2.8544930865456606)
        (-6.4833263095541485 -1.8898350195675848 2.3548947668218307)
        (-6.447080497844286 -1.1490201860873137 2.737864925967183)
        (-5.6164741033169765 -0.4764891555909838 2.1183149030278896)
        (-5.2013670273096615 0.011536788104511107 -0.1390206183498668)
        (-5.817596729660907 0.5036286546290165 -2.2979463645727054)
        (-6.537130136778313 1.1876029660527223 -2.7724711932468895)
        (-6.4712817058587575 1.9306737457035523 -2.3626659717265532)
        (-5.44805605645464 2.37405766314622 -2.9126886738142836)
        (-4.576959416006351 2.813041335797773 -3.9623882732772837)
        (-4.172273326711827 3.334382120067811 -3.6775079380658946)
        (-3.99640101503509 3.7887856166253924 -1.8936084284365227)
        (-3.3830516198921368 3.463247342221683 -0.3695876087805545)
        (-2.797483004011692 2.884131432828805 0.11878504143774138)
        (-2.3558695849672193 2.2705560044381885 0.01900308103369895)
        (-2.277762252577862 1.9801799354808847 0.001920583817414688)
        (-2.2604306615452816 1.7967850643337837 0.0030994422160656046)
        (-2.237802401155773 1.6522308939011112 0.0034454993681994808)
        (-2.214647641184712 1.5114715340367466 0.0027428092996868284)
        (-2.197166873214389 1.387144085027452 0.003792194864275727)
        (-2.169841313339444 -1.1625514506613293 -0.018230787602538857)
        (-2.1659792938801976 -1.2289347187768338 0.00265910562218271)
        (-2.178494723373677 -1.341006339039425 0.0006227403657601861)
        (-2.2385273062055058 -1.4664126915641864 0.009222142149815777)
        (-2.2290784044046403 -1.6153359014353181 -0.0035124555841966514)
        (-2.2915410649960526 -1.8923847265479372 0.035974907511915184)
        (-2.7217457362315205 -2.5473750511472963 -0.048335049496107244)
        (-3.5459225009548065 -3.5299896767004797 -0.07596604307293653)
        (-5.02955079071828 -4.969061906301896 0.8605197328422711)
        (-5.842536950157389 -5.339218642183523 3.971296333232397)
        (-4.994744364175844 -3.932906726750095 6.523280723604445)
        (-5.081743752717108 -3.192311436351182 6.133078190469564)
        (-7.479453183341941 -3.578837623174146 3.529381166885091)
        (-10.75789909285011 -3.6147768552859514 3.174901775401623)
        (-10.513176324817032 -2.2406756742149674 5.202335918137251)
        (-7.215108490303402 -0.7246865388045304 4.234302747165576)
        (-5.867774453847293 0.026210303498585295 -0.6295998246752397)
        (-7.962717804000363 0.921944837174683 -4.863556352391155)
        (-11.013550419701414 2.5245347610156523 -4.648563575781363)
        (-9.993761925338148 3.4506367246158414 -2.7814934180343633)
        (-6.512151886470258 3.1692652172208717 -4.188539396244798)
        (-4.9099655926553565 3.1530617797071105 -6.493442383875234)
        (-5.254914269140068 4.105294914827255 -6.210108096318977)
        (-5.884932093129833 5.441928090645865 -3.3596601458840167)
        (-4.881307040143476 4.814473530270107 -0.41943773544483876)
        (-3.4538167320945883 3.4260471471581835 0.08630014394156132)
        (-2.617485030405151 2.4360650255840683 0.046401455829732985)
        (-2.26501720439692 1.8415969382493396 -0.023327466542386478)
        (-2.21382528470762 1.6017070410776872 0.005908112409170539)
        (-2.2159425782593964 1.4507882591893773 -0.002161923400430333)
        (-2.205155658546423 1.334445005555865 -0.0017360784583717427)
        (-2.165803663096093 1.228713613735807 0.003607513780891444)
        (-2.0211129553588267 -0.9422111556489619 0.01048084711080975)
        (-2.098488995954454 -1.049136527441593 0.0023915609705873614)
        (-2.194264707107076 -1.183000153853623 -0.010352920203390358)
        (-2.1870659209715395 -1.2808483495021474 -0.008848943305453865)
        (-2.1787293587346914 -1.4380064795925978 0.032311516459858504)
        (-2.303709512430814 -1.9402389685960273 0.23084266886696458)
        (-2.8065138565610197 -2.721979122799624 0.4278263211131178)
        (-4.0989341158390955 -4.220636430192712 0.8643807652425419)
        (-5.937695781823475 -6.0740469653444045 2.965441490856441)
        (-7.1257480934197535 -6.727501923186655 7.86946493627296)
        (-4.94804476316224 -4.082258207455503 11.318260646264118)
        (-4.002680208684243 -2.6916412233154556 10.710259920955924)
        (-6.86326564059404 -3.7009542150429455 7.650769679334522)
        (-12.009598429342372 -4.682732144852424 6.4014288756841164)
        (-12.52536980944156 -3.20445376061919 8.454269480009966)
        (-7.175317478794616 -0.8711344367211606 7.169737144291469)
        (-4.252187639466715 0.06542666105566089 -0.41153537595745204)
        (-7.554801314389406 1.0812568451349693 -7.7022122841620835)
        (-12.820169668936693 3.6399852714970864 -8.742815591783874)
        (-11.774149195572512 4.922772899397552 -6.727426882928382)
        (-6.709649555713773 3.79185590715308 -7.712361612587584)
        (-4.03884894311446 2.884435141714612 -10.647382045942432)
        (-5.256825450946429 4.408382857070464 -11.146553846996277)
        (-7.148354010868816 6.819209072704734 -6.785864057731765)
        (-6.0185901728358 6.165623890082514 -2.811804899826341)
        (-3.792299805030029 3.937526655637475 -0.7909563138020272)
        (-2.7276681999953643 2.6317219200019046 -0.47315085240239957)
        (-2.252642386802214 1.8516749316615067 -0.21555257669487743)
        (-2.1454314917860273 1.3810810582840456 -0.005931668961029347)
        (-2.202639761650257 1.2668469941353635 0.0014615352444838116)
        (-2.169882131455168 1.1691523055316813 0.010688416846292806)
        (-2.0930664255694005 1.0456742371308319 0.010986842109807146)
        (-1.3939244580271866 -0.5853842844485926 -0.037612232448063096)
        (-1.6177826303142342 -0.667748916410455 0.027814442502230592)
        (-1.9884554006529522 -0.9209837609117058 -0.000647217447770397)
        (-2.1381193326917822 -1.0844439007105753 -0.008416662902450887)
        (-2.164122240471384 -1.476821333843627 0.17111451522883592)
        (-2.110786766630667 -2.027006521797997 0.5398287198467324)
        (-2.497925281537849 -2.795791527858979 1.3536498857880357)
        (-3.250109306615475 -3.775472867423842 2.824242454585945)
        (-4.828197262553146 -5.4527938609471205 7.2041943038204)
        (-4.895273470816827 -5.150244600952176 12.170413120675802)
        (-2.4256774548364546 -2.2135378146323212 16.39405171379424)
        (-1.1139684266015075 -0.8455009797431501 17.369721303979556)
        (-2.1051408053878147 -1.280299082260306 15.873377402980424)
        (-7.13868927813892 -3.1923802428864922 13.9317494534258)
        (-6.998670615415922 -1.9714492904044607 12.889727656129828)
        (-1.9228594968449673 -0.2665654233286469 8.627667113509421)
        (1.0876855091398272 -0.025398052468848298 -0.38467545476302867)
        (-1.7404290382910994 0.286097436325742 -9.153905732404864)
        (-7.73171689870593 2.497418089261971 -14.530403090577526)
        (-6.850624277370748 3.2285761854680333 -14.848919919515115)
        (-1.6279872239963895 1.0448074099442168 -17.532788722062502)
        (-0.6151115658728313 0.4898340342880132 -18.21494252126938)
        (-2.793040599041032 2.61310343252872 -16.09109151328461)
        (-5.170101145279677 5.4762432368844465 -11.480399880766285)
        (-4.744342950496936 5.385896964467278 -6.418894548868302)
        (-3.2507360478082807 3.7665861687843174 -2.7590597952525373)
        (-2.3836927286086222 2.6299671173780044 -1.209269139086226)
        (-2.2539571173238433 2.0503604270037146 -0.5234397070218051)
        (-2.1966351403767073 1.3830883030638708 -0.1631471163447196)
        (-2.1392229016309283 1.0828046598481003 0.007665743543315496)
        (-1.9794192008406708 0.9160836873623978 0.01037649827114531)
        (-1.6159594541289943 0.6651767879641404 -0.028276837706633147)
        (-0.49725713940762983 -0.1737767459188691 7.942834880399685e-5)
        (-0.7532763252425483 -0.26095869675868816 0.009600875775997662)
        (-1.1552316441814638 -0.41885467770863394 0.039211064188438394)
        (-1.7076052471342225 -0.49806027104964445 0.3121034522993688)
        (-2.227577133813727 -1.8651992997262519 -0.0012633623223736543)
        (-1.771493939076148 -2.2553895788694636 0.33538449300585904)
        (-1.8280006329112002 -2.57087877250344 1.3341608901955357)
        (-2.1181955233519103 -2.972638825449312 3.326432671807648)
        (-2.3773188888420793 -3.210084027390592 7.566062095581081)
        (-1.5939466521343166 -1.968079179234544 13.240168189418167)
        (0.6578377455877771 0.7001373902394054 19.48547476403127)
        (3.833606979787576 3.46404236777076 24.990121177330142)
        (7.632895524352901 5.567319146084839 28.142597173503212)
        (10.010652153760201 5.390914948630449 24.643402190781636)
        (10.701234442772257 3.763368911587529 14.843910956744342)
        (10.848391870658517 1.813835214648362 5.440122262916782)
        (10.635878029446747 -0.1794632160526642 -0.5539432447676482)
        (10.684554578070998 -2.147511314753248 -7.073931256098977)
        (10.473063339621842 -4.037348846114099 -16.901690869051258)
        (9.637247287382483 -5.54485098517711 -25.579687061870573)
        (7.674321889539934 -5.766239583993173 -28.791190783001987)
        (4.3734271992161995 -3.902193690363605 -25.584202485280006)
        (0.7018392052798282 -0.7715136032799281 -19.42514175798368)
        (-1.6725938811478667 2.134740760984133 -13.132856129392469)
        (-2.5367008256212564 3.4110993837648262 -7.1332414753155025)
        (-2.0504786669145254 2.924005515650027 -3.0137492565254065)
        (-1.7768516012706144 2.5539973398714446 -1.2651955830040282)
        (-1.7817641038727483 2.244974749699323 -0.31542221668053805)
        (-2.77374467233399 1.5826599870831919 -0.5402835405366212)
        (-1.5984226629738199 0.5217199188307438 -0.19012152708891633)
        (-0.9943997030272762 0.3625806865546135 -0.022162207084597707)
        (-0.7553743085466698 0.26120899833389727 -0.015141100059616634)
        (-0.17083744097887194 -0.04677049775656761 0.0016667184046341987)
        (-0.2231415497601243 -0.06549544066155971 -0.0003823827458386179)
        (-0.2891563479020792 -0.07989639633983199 0.018440424470177283)
        (-0.5620547544728434 0.19036315146744565 0.6507943820022223)
        (-0.596779858711191 -2.3509624119745682 -2.453424673512528)
        (-0.9331311933540029 -2.2020565696239 -1.1072652393124671)
        (-1.2812480980902272 -2.488606247407666 0.17132370820104703)
        (-1.4290708568513517 -2.553497814155108 1.3727043378040176)
        (-1.7503743970638288 -2.9309950718908544 4.258123381144259)
        (-0.7643741920944493 -1.1593412016840081 9.797809983197748)
        (3.070008027169158 4.083595007139818 19.679820045240245)
        (9.661654650489663 10.793772138123842 30.032965175130876)
        (18.879603806838276 16.61481777113602 37.81481330269188)
        (29.459810957617567 19.704571963112702 33.48329694534828)
        (30.215635400786127 13.510844979243423 14.046273473115457)
        (22.809231672030922 4.889876259590433 1.1356061204585775)
        (19.674394780060965 -0.18353815147112895 0.006092252998127989)
        (23.17064191760172 -5.450036507618891 -1.7087267166665772)
        (29.393703782254107 -13.540409686644324 -15.215295465811458)
        (26.19962947161551 -18.49942909132283 -33.14726657062207)
        (18.295880067992073 -16.753171206044073 -38.23955452035252)
        (8.613705316413482 -9.80141888514939 -29.35807649117718)
        (2.5861954534405425 -3.4884758599405945 -19.082050305324294)
        (-0.9157857835294247 1.4152756789906664 -9.187641182637464)
        (-1.6714529516209453 2.7825065711875565 -4.0313545289735675)
        (-1.5181807598778565 2.7435755566677793 -1.117660114320942)
        (-1.1423492958233452 2.360902784742258 0.1589475052362994)
        (-0.8974156780104173 2.220564300195274 1.1766615654954946)
        (-0.18801186228554984 1.403007491039216 1.6451442309316398)
        (-0.4987593126179628 -0.11851334035753258 -0.4902354338796707)
        (-0.2885649843643776 0.07953595880735234 -0.01820932472101143)
        (-0.22894517284111748 0.06751036530788497 -0.0016740597505498856)
        (-0.049326771965351075 -0.011595419669034972 -0.001792254962993948)
        (-0.05744162503615391 -0.012677165292422661 0.0019877606851196666)
        (-0.08230817724318598 -0.014632963993167885 0.01350305956960924)
        (-0.07828315445852987 0.07913537645716989 0.23282152480387452)
        (-0.12295074828585395 -1.5411455555121396 -2.7949832999384516)
        (-0.41084400595465564 -1.7543325110692776 -2.2944419865935743)
        (-0.7978950503012869 -2.30792124445459 -1.6678804846653614)
        (-1.0904894591485954 -2.6696260120932878 -1.064960684898991)
        (-2.2402406048145833 -4.989568888624314 0.0466083370457141)
        (-1.8731991821911411 -3.6861826792876724 4.4342510418570065)
        (2.9902706351887773 5.2339336000287515 13.985746701938616)
        (11.755911379755338 17.145188477761813 25.02109408842496)
        (30.296221761712786 34.04350908318516 38.417793350125756)
        (47.96997605977123 41.477671339884814 30.413410844728467)
        (48.09744169875461 27.07948660339785 6.154434224420276)
        (32.31682666513898 9.041800407136938 -6.255477127551046)
        (24.49032443974483 -0.03057504221691003 0.02102968642363834)
        (32.25799249990053 -9.333713392005158 6.1139146196392495)
        (48.02419030778178 -27.64595546299276 -6.7742278707363655)
        (46.094151881104516 -40.03664944321466 -32.02794234177689)
        (27.767544520376045 -32.627454492008155 -38.960389245659854)
        (11.769935870239493 -17.354694288529096 -25.92079843294607)
        (1.807175445314896 -3.102111704900615 -12.537156004869983)
        (-2.0257563163964214 4.0223025963558 -4.084451644861972)
        (-1.8886799107590384 4.204374674089687 0.11143582846011846)
        (-1.2204411621371725 2.975961171175599 1.1410652310176692)
        (-0.6653278454117614 2.087605526130143 1.8129638332998392)
        (-0.4058695646498125 1.7551498497000988 2.2754456178116755)
        (-0.04435126033956352 0.9814832420148356 1.8892890307444414)
        (-0.0952607806386613 -0.07141603288010703 -0.22440428911073368)
        (-0.0802577732133318 0.014611878599296461 -0.012363386396821385)
        (-0.05737878885057611 0.012775211594830763 -0.0015212047073406346)
        (-0.4078560229939062 -1.840573167314496 -2.8032715226655287)
        (-0.5948047161572575 -2.1386317241498345 -2.7696307500419852)
        (-1.604104281221825 -5.089796328162798 -2.007833405757289)
        (-1.9351890235465412 -5.381075198795383 -0.23196962692487566)
        (2.3795645664277667 5.886534019102934 3.4978764076346023)
        (10.652141836517877 22.60103169254809 6.899342055662244)
        (27.439357787830485 42.8895314894315 13.5254226837841)
        (47.23799371401705 54.321612066772616 4.570816190216994)
        (44.65256756893071 34.814008162756885 -9.404625157386)
        (27.833851437932704 10.265047216631482 -12.578324731125537)
        (21.12057261076763 -0.3899987809060257 1.2116360021552737)
        (31.42327897150984 -12.501273489746694 13.895259908774138)
        (47.578534635670024 -38.577976737960526 10.280995010162577)
        (44.49392576671633 -54.20402970673323 -5.945702137956564)
        (26.798040979460225 -41.72275674802772 -13.509786236942464)
        (9.030055146797153 -19.121211544258262 -6.789340018480994)
        (1.0648775824787067 -2.5889803146671517 -3.226245305792993)
        (-1.8969366162300982 5.3111392130123924 0.1809044987519055)
        (-1.3478883725149666 4.283423961421666 2.250338576352581)
        (-0.817527881021338 2.958988660656283 2.740917356981086)
        (-0.1266154459557418 -1.0649552076017281 -3.5996543219975874)
        (-0.1914339519419235 -1.1793459497776664 -4.3501703832047385)
        (-0.5169721026618671 -2.79918754894631 -4.602522022704549)
        (-0.4996345001454099 -2.342986108605074 -5.666261370933604)
        (1.4352280948485232 5.575127284694572 -9.565408633757325)
        (5.431987795867791 16.999129077745515 -15.512701005675005)
        (12.257277991548362 31.616906931193157 -21.694079138823362)
        (21.47812477024487 39.00895658567384 -26.029634197050076)
        (20.61935615738914 25.618250248266957 -23.95972236135755)
        (12.630970891666772 7.0393144224702455 -12.363495590397083)
        (9.643685891481537 -0.9327968819862831 1.9863039646418432)
        (15.112915787788513 -10.502830493474686 16.397984981639357)
        (20.175166195344268 -29.466428026182424 25.30251377633654)
        (20.04580710838018 -40.4217119991771 26.803850717466737)
        (11.998911137879976 -32.120349416319804 22.64961769725757)
        (4.249134313242109 -14.523771201216634 15.865247842908966)
        (0.673051149868992 -2.740571710057056 8.83424670492834)
        (-0.4973197249477965 2.2996840520130917 5.648520382042797)
        (-0.43969325566947104 2.294404129482608 4.45662107002171)
        (-0.23645177221609948 1.5805469557173428 3.953248849732552)
        (-0.014887509378521652 -0.3697947682615066 -4.0934988729008746)
        (-0.014979076534128832 -0.2967766776146339 -5.425039925960804)
        (-0.040729643235020485 -0.6413851981834011 -7.2945955888805765)
        (-0.01866849587865982 -0.25889102015060833 -11.165651537861013)
        (0.23868111978398532 2.840656083375716 -19.318204064307235)
        (0.700165603286104 6.218842124092606 -31.014228620657786)
        (1.4758313782913166 10.751118403717118 -39.9075062728907)
        (2.095160865836686 12.606915087085937 -41.236618325229976)
        (1.9620262304273455 7.797324459264295 -27.104099555560495)
        (1.4210578273236334 2.6207484966045325 -12.281913280998618)
        (0.9636658903563462 -0.021104048157517895 0.13505422205111728)
        (1.1979739490843002 -2.8062396774582226 13.938462805951737)
        (1.6201053069409745 -7.859833750816061 28.931923693851477)
        (2.124232923562017 -12.756360543083467 42.245369188837394)
        (1.3968400752054144 -10.146094927470596 39.599939645448636)
        (0.585339227672566 -5.56350312055257 29.57616368080484)
        (0.12144518189233594 -1.4359340107795828 17.816247027548073)
        (-0.014506912184662935 0.19977681654336887 11.195589923520407)
        (-0.03640447058950036 0.5715171049994974 6.7012621415157065)
        (-0.026018078192432514 0.4971354095390954 4.898451456863496)
        (-0.012946320148496254 0.3171335924605328 -4.078962191638192)
        (-0.03941238809823283 0.7725155657135483 -5.003971550748519)
        (-0.03855070959181761 0.6222593939215385 -7.295197599584492)
        (-0.010514114303424194 0.14544816583303244 -11.165065142332661)
        (0.08939406176557774 -1.07323447847847 -19.140453221220664)
        (0.7553972730775449 -6.6733543559463 -31.117313806306804)
        (1.5259872838227961 -11.066515486488683 -40.08437973407335)
        (2.1016402460017924 -12.596779539089036 -40.962587462429425)
        (2.0158886890014553 -7.273898829456827 -27.531793977761154)
        (1.2960430881948395 -2.2897995243764093 -11.046187447198118)
        (0.8099925542507919 0.12170347775282311 0.7869634407599042)
        (1.4664922782137721 3.0121153219295707 13.630824556883583)
        (1.5377068943037102 6.966270398331794 29.26119715153105)
        (2.0443875093743635 12.867163440854846 42.41105441522435)
        (1.4385497219450025 10.451295632045632 40.525715662973965)
        (0.5600224894930694 5.134223803882542 29.913304735150962)
        (0.12494045379487975 1.4385408437222613 17.79734977773725)
        (-0.012588048556356757 -0.17018374752346133 11.165840583681932)
        (-0.051361413319957805 -0.7330327661716551 6.614447341222061)
        (-0.024439625109078822 -0.46590098161671234 4.896410364400566)
        (-0.10388712223028938 0.9005416665860584 -3.68341808207846)
        (-0.37831832989608577 2.295538641587239 -3.66371095037598)
        (-0.48540461593571305 2.6094893579093403 -4.55824135216288)
        (-0.4659009505735871 2.1615127945833277 -5.607763839283208)
        (0.6712724877753876 -2.687828546015015 -9.120683612506971)
        (5.154706509718397 -16.907697671742305 -16.45420191256626)
        (12.642634238907938 -32.42652519717282 -21.088163651881498)
        (22.174650536706398 -44.826934811977026 -25.121883931206455)
        (20.153528812142103 -25.36862101082359 -25.709668129910977)
        (11.68112416061145 -6.735500249541718 -12.646934127824407)
        (9.518110696620795 0.9403217265984497 2.165814044932743)
        (14.951948719386603 10.390515630941483 15.402314081916936)
        (19.847768398428528 26.689628774756986 25.72366246584321)
        (20.175677775580773 41.03679473813245 27.701958488304353)
        (12.348223216764536 31.715452356884494 22.237051873805346)
        (4.394207304966849 15.0217299414081 15.204996441512927)
        (0.6674646445761961 2.7558596131068063 8.90316206199171)
        (-0.4925880476065745 -2.3216961861920264 5.652006729800104)
        (-0.5181310149798564 -2.703848038364029 4.243557206319428)
        (-0.21881510750494515 -1.4935854000399216 3.9989924327975723)
        (-0.34698498447540227 1.6323984954112316 -2.8806609555671505)
        (-1.0588645684893052 3.796865941382575 -2.5978284582006728)
        (-1.5780259747083596 5.025164201649202 -2.0347569906614975)
        (-1.9191549058368773 5.351245305216988 -0.16953342801219026)
        (0.8583399275932093 -2.120509118627159 2.8045553594864954)
        (12.024446080082729 -22.762549878746224 10.37890585480049)
        (28.36563978287312 -44.022475246863785 16.570482155605276)
        (46.77669599083628 -52.326570587152595 8.805591183808124)
        (44.60276375085929 -34.39813044656268 -12.438549263043642)
        (30.339195245494864 -11.614744515777247 -12.005586665337896)
        (21.71219070614244 0.5468069645277903 0.5645321281435045)
        (31.971975627857177 12.67535992535833 13.12843678837108)
        (44.74000334652653 37.595109963220324 8.385862613780274)
        (43.852794845748676 53.81033727845973 -3.914438287022114)
        (26.884612976186624 41.81523405131518 -12.990058553722655)
        (9.231469977454998 19.131871909948433 -6.370501135487409)
        (0.7971573299305927 1.9283665586690604 -3.2191466052357427)
        (-1.9101323938634747 -5.311052819386018 0.15071053421484193)
        (-1.494721768456711 -4.694422579117929 2.0637761790174807)
        (-0.7638331175915353 -2.828973120984425 2.714147372820603)
        (-0.05035870906978984 0.011829053557592693 -0.002085730247142013)
        (-0.05832900531937804 0.012938858970667641 0.0014918988763319865)
        (-0.0861820677094856 0.014834285449909827 0.016702996658016635)
        (-0.08764390992222514 -0.07195043056778067 0.22281895710569985)
        (-0.14494022091241843 1.590943752984193 -2.8072766809742697)
        (-0.4167345630398608 1.7710066128762907 -2.2951990157041964)
        (-0.7709253564201869 2.180670960587952 -1.570053151940222)
        (-1.5511271172594612 3.8297017363324644 -1.227694848724255)
        (-2.2445607142917985 4.932706336248851 0.027717901935873587)
        (-2.055066026892549 4.061408978193705 4.086220511779469)
        (2.2986927489776727 -3.769815373788639 13.737780097525816)
        (14.263947380870086 -20.918527112813727 26.844345175561436)
        (28.932272460554028 -32.45926125138496 36.99745076831653)
        (50.06571875657552 -41.49406789180121 29.47380251157785)
        (48.4543427076431 -27.45417967482169 6.572319097726486)
        (32.51033424752025 -9.104579463204892 -6.520667421155692)
        (24.42883197404051 0.14753355274455357 -0.09704939515218958)
        (32.336791428081156 9.63415557465835 6.143404418833854)
        (47.92433048706682 27.80006748496084 -6.730610396281994)
        (46.79535180281558 40.57366222678634 -32.135984176435514)
        (27.675841635275138 31.490064200591746 -36.8470528583351)
        (11.335291954554227 16.638396992504152 -25.390580458814867)
        (1.789167268073247 3.12168544268884 -12.254003899234288)
        (-2.0799332011320946 -4.16543473733541 -3.957008353007304)
        (-2.0851191992670826 -4.616417177743914 0.07349475165656386)
        (-1.3287784885944711 -3.2399639621982304 1.2518895298938457)
        (-0.6683764939940842 -2.0968778608910066 1.8145866768663814)
        (-0.40752236863211866 -1.7615326895447299 2.2776435187176483)
        (-0.0442392929190624 -0.9705480553012722 1.8918233215236606)
        (-0.08891827434469307 0.06114944149872611 -0.20249669213590138)
        (-0.08068329034337467 -0.014931600575948355 -0.011775495170319355)
        (-0.05750840379505974 -0.012781100168622132 -0.0014376994314127106)
        (-0.16746021544006753 0.04616251620759384 0.0017477429021860629)
        (-0.2240037419067619 0.06605406207090662 0.0007712691697868014)
        (-0.29255779415792194 0.08148231800653169 0.015924602324254716)
        (-0.43045278009957644 -0.22758343198823838 0.613232463050052)
        (-0.5340205616887606 2.439798881189018 -2.530858656813481)
        (-0.9597752570715423 2.253905594412886 -1.1626666203912346)
        (-1.2361066305487851 2.3942676079001552 0.14497846282291565)
        (-1.717629456317027 3.0756997485224846 1.6742249632169677)
        (-1.757807542095565 2.9431069240497587 4.25248846513141)
        (-0.9260712801721601 1.4019146409517838 9.3584676250328)
        (3.5727673229802672 -4.679460457168747 21.296436270141964)
        (11.063871813955743 -11.999774097885723 32.92913419380309)
        (17.64099777562909 -15.904518640501022 38.00568744691936)
        (31.395978107681167 -21.54660887635312 36.14242855532383)
        (31.25343586883601 -13.817436630238678 14.661020265509386)
        (23.894286758318664 -5.068383467191157 0.3669091854847985)
        (20.264331906636862 0.14626421732756928 -0.7892364163315202)
        (23.41398122021343 5.479910056215755 -2.420583036188434)
        (28.606487572837217 13.111921662728871 -16.174370399009252)
        (27.109079554143694 18.549963058801573 -33.74441193158641)
        (16.231709514272147 14.841512257355118 -35.8512348385974)
        (7.834904474514568 8.761037928871918 -28.33437415437827)
        (2.1345400910698205 2.8781582264537264 -18.040722929441145)
        (-0.8753594945964991 -1.3479218704731664 -9.457667176615294)
        (-1.8092767674401649 -3.0117454089943094 -3.818947950763565)
        (-1.5983450251976081 -2.8507727037669923 -1.4297213698024889)
        (-1.1465937019007193 -2.371111248186925 0.2143318417970072)
        (-0.9263489700414975 -2.225755727535406 1.150603153151276)
        (-0.17669898968647887 -1.4255858161421906 1.694619452550849)
        (-0.5246275879219569 0.1329718410073716 -0.5249873644258969)
        (-0.2896215266160525 -0.07959808801489945 -0.018483254659107853)
        (-0.22978744497980652 -0.06726840629660376 -0.002065233617028879)
        (-0.5051724180453239 0.16605090515008689 0.01015109922929348)
        (-0.7392537324154793 0.2565116711682424 0.014005101814777411)
        (-1.1644036007647318 0.42247522468422327 0.033750503014716896)
        (-1.6563585736326423 0.43029031583841365 0.33187175935351737)
        (-2.40627065161969 2.0632860324871114 0.015018935449875287)
        (-1.7774490709900028 2.247473497032508 0.26008063624355177)
        (-1.8676663018793829 2.5527412897194384 1.595985144258516)
        (-2.357527570168942 3.2620298429504886 4.04772276033109)
        (-2.43468356703411 3.275484008713536 7.462432782473381)
        (-1.5730555241140147 1.9449007194122945 13.169894000092757)
        (1.2280091774064898 -1.337320383238732 20.264417231174015)
        (3.6950934128148383 -3.2826191959279885 24.84139135527941)
        (9.716567954442045 -7.126637312936174 30.857057886223586)
        (10.748774591395764 -5.8163911762043465 25.478490147344093)
        (13.161552356122058 -4.622998785757131 15.545202758889442)
        (12.491587796224493 -2.084354442592306 4.688196834089106)
        (11.56022520126353 0.19842374533888557 -1.7916094400629776)
        (11.316338794011394 2.258492796304898 -8.075272630594746)
        (10.799029982713574 4.165714302766151 -17.345565046420138)
        (10.05708770840133 5.778776469928598 -25.826018121718707)
        (6.5326082872627165 4.985160494194507 -27.057667997053745)
        (4.237551813861687 3.8352986085443095 -25.572052579382703)
        (0.7943938946690351 0.8862654513771681 -19.573478182373655)
        (-1.70403200713744 -2.104779491559779 -12.653382169475066)
        (-2.5287273542261905 -3.4333980841767535 -6.859844087315819)
        (-2.189052713532327 -3.0435269078617 -3.294188575786688)
        (-1.7713377752216437 -2.5365895665224953 -1.1897765597284735)
        (-1.7232949124302146 -2.295467358483867 -0.2277938067328365)
        (-2.6166659796863745 -1.562675345962985 -0.46351164858546856)
        (-1.5495110268269017 -0.5367874938186787 -0.1497687568389138)
        (-1.001364810736712 -0.3665177705720446 -0.020581976441223393)
        (-0.7489158756686993 -0.2596672680108948 -0.014602967798768093)
        (-1.364084193152629 0.572292607817418 -0.027663866833704392)
        (-1.629393993013 0.6720130751946346 0.025682768246841736)
        (-1.939665995112855 0.8985814537709057 0.0032257086140167783)
        (-2.145856513117881 1.0873309317490836 0.015403729719072914)
        (-2.1944870880638416 1.496938931417648 0.18423794943574626)
        (-2.232598098561217 2.146965657100651 0.6403800158444781)
        (-2.45667151064034 2.689839611437696 1.1251975027479078)
        (-3.2636889156838476 3.8199752390043114 2.8806592649857072)
        (-5.182951246688028 5.865829957092031 6.547553798603487)
        (-5.187546122858398 5.468320773423899 12.10615675362798)
        (-2.20960370809482 2.037925671070265 17.37746014275639)
        (-0.4344699387962365 0.3361457049408555 18.74232878869163)
        (-2.4008568618946526 1.460599757063592 15.785606831368073)
        (-8.228582810960242 3.5991290671380884 13.917234067804996)
        (-7.479013428749556 2.1756146245394277 13.414405931767071)
        (-1.1037615417851172 0.14601901680030427 7.182743562542601)
        (0.6687946062863375 0.008778317871606819 -0.9394324951777586)
        (-2.46218431556124 -0.4054250279178323 -9.198806146161228)
        (-8.109967259878434 -2.6429513809667036 -13.407101571584617)
        (-6.7318584180393195 -3.263017104702051 -14.255267002039806)
        (-1.5951931081687771 -1.0349945901082351 -16.622892181808016)
        (-0.9400196730973596 -0.7433096290092935 -17.62038726576399)
        (-2.8796708354148297 -2.736637907212753 -16.22149935947813)
        (-4.975025819337133 -5.288098562757689 -12.131709486561682)
        (-4.930079183651879 -5.563577718450823 -6.121682876030793)
        (-3.4410649104336737 -3.963844134914157 -2.7969547605263663)
        (-2.388117761338271 -2.640141488133068 -1.2101997899893913)
        (-2.1827903231124797 -1.9573799184814273 -0.5186795585375571)
        (-2.2302707508326374 -1.3895430878596253 -0.20205647615279382)
        (-2.1327806590461686 -1.079112869771962 0.007433217981689395)
        (-1.96976034899416 -0.9118767289754524 0.007943491380744648)
        (-1.624102298385122 -0.6709139664329896 -0.025640515482729182)
        (-2.0332350273859534 0.9472444482126793 -0.0036920806640840407)
        (-2.107219245307366 1.0530316918805007 -0.0024429515784206695)
        (-2.1542748909317577 1.160818868987983 0.0007381361530526577)
        (-2.1572283798719543 1.2631704317440164 -0.0016926369353868296)
        (-2.190193197186758 1.4453867458543765 0.007073376428014647)
        (-2.2955232809571173 1.9224258185039955 0.20545247183400914)
        (-2.761179402763825 2.686553032829651 0.4191037087686917)
        (-4.288137735030452 4.454894119271661 1.0864878470648247)
        (-6.130196930121905 6.286645935962446 2.8701987011721632)
        (-7.246138340206146 6.800458478902246 7.05598704001845)
        (-5.066013081965472 4.174541905570524 9.821976728590023)
        (-4.096151654090061 2.7857368304366448 10.517573152611533)
        (-8.239730805607554 4.335143205850984 7.054711343817779)
        (-13.009394812585533 5.066815090950803 7.0418000635648)
        (-13.136824637764834 3.3561547512207794 9.161348143061485)
        (-6.720159525568105 0.8139050420842479 6.75992051691187)
        (-4.318100091992524 -0.04762689584934712 -1.1749362034867818)
        (-8.381638053162328 -1.2699504604938747 -8.217032110539447)
        (-13.423776034864094 -3.7369191664263512 -8.351466621458858)
        (-11.801916821136329 -4.937782376269676 -6.422294631561677)
        (-6.424138355658682 -3.61520128241017 -7.778449136183111)
        (-3.8848619723301145 -2.7701437373042133 -11.005528045901604)
        (-5.38339418466607 -4.536615444603526 -10.809219060832863)
        (-7.139816769709444 -6.754415394585931 -7.069624934468829)
        (-6.063164872953372 -6.266244728160821 -3.011857304387823)
        (-4.053882986017501 -4.149182477318316 -0.761950542429443)
        (-2.6979801687628058 -2.59182939567276 -0.45813242987585884)
        (-2.2902221439803916 -1.882191639917345 -0.18568073372927146)
        (-2.172388470378103 -1.397703376737498 -0.0047830267774978015)
        (-2.1936805008240556 -1.260932741850087 0.0034695814299887853)
        (-2.1473733901338843 -1.1568610363096872 0.010576922022642312)
        (-2.0843227152360875 -1.041666579033761 0.00877102696684336)
        (-2.1159040938750326 1.1333007488264002 -0.0033596383149839893)
        (-2.1856174934772077 1.2400566927416643 -0.001936508609510599)
        (-2.186326378654884 1.3458368821704656 -0.007195210848813505)
        (-2.2459552576311617 1.471095057888804 0.002248697746099553)
        (-2.2231395604532858 1.6106541975827042 -0.002566371545905554)
        (-2.302622917973377 1.9091078339421963 0.015780165781380837)
        (-2.5155738499925624 2.3401782928751023 0.0061262371981411195)
        (-3.445427343788 3.422365850695246 -0.16992468060283)
        (-5.329368345257558 5.238961164679406 0.8698554507655331)
        (-6.139677241345438 5.511639848253666 4.302539953251379)
        (-4.835816067915816 3.7747375000017853 5.795475991273176)
        (-4.798007252777611 3.018877093468866 5.73992944207322)
        (-6.590880377474944 3.1130285138825626 3.5019864405459367)
        (-9.67728533826912 3.248369009999411 2.9014907054065033)
        (-9.623804562039135 2.0721318702683007 4.749987797779877)
        (-7.086180224851544 0.7099510472000894 4.326880326920248)
        (-5.795073911476055 -0.04515289706373268 -0.20711496657607817)
        (-7.648265998711258 -0.8875210644197408 -4.461776130825724)
        (-10.154708400870755 -2.301032982498504 -4.509971387683715)
        (-9.632216002019112 -3.406496207335321 -2.8284913892088124)
        (-6.491293565055382 -3.1780372648242126 -3.9911904088826993)
        (-4.818978717391129 -3.0724708659370434 -6.301304889551703)
        (-5.11540732063923 -4.092497951656749 -5.924007366728485)
        (-5.895198834095462 -5.429321267399745 -3.128017849474988)
        (-5.130790617644022 -5.083060241156627 -0.5527191425159517)
        (-3.494330418283465 -3.464803836686847 0.18305898314520816)
        (-2.555873965159421 -2.3630613188231915 0.0007219740377374367)
        (-2.2781017710426905 -1.851050843219907 0.01135668585164558)
        (-2.218020483609311 -1.6048154699908435 0.00526085878999002)
        (-2.2349174038948108 -1.4629019549484785 -0.0012241355908726203)
        (-2.2242150118240813 -1.345456261992672 -0.0002549580344802715)
        (-2.172425904241571 -1.2323348772770346 0.004548908680216386)
        (-2.2011632089004793 1.3016290360063152 -0.00686081951171376)
        (-2.1503092035625406 1.3776269060020392 -0.0001842720193085106)
        (-2.135323513469133 1.4784186839046218 -0.005838921386481186)
        (-2.1888143803247924 1.6164783918854033 0.0011785274634416205)
        (-2.2635607898304193 1.8003274381985395 -0.0014766852327454624)
        (-2.2882043839315074 1.9914228328303243 -0.002485828623694058)
        (-2.3944892908887323 2.3186993436730194 -0.07045298484755448)
        (-2.7690010414029174 2.844756066298966 -0.07726349087628231)
        (-3.3556853929970716 3.4462037994036696 0.38221418919330485)
        (-4.046746337957398 3.7956930173879506 1.8749653337990122)
        (-4.158039283599248 3.31017998196947 3.709399080845817)
        (-4.608433122839761 2.7730383491815163 3.8652012972288783)
        (-5.503254938434054 2.371547751814846 2.855845050039024)
        (-6.438978490080256 1.8626718266960973 2.3897115154607347)
        (-6.4260960766377995 1.1535421793518108 2.732058797578635)
        (-5.608950721572441 0.47972233024476724 2.1491030715483985)
        (-5.12991444428796 -0.017407056597595037 -0.04274294189064948)
        (-5.652560033388544 -0.5005763363831393 -2.183307927326937)
        (-6.455137027591177 -1.170369309350823 -2.7092230126491)
        (-6.481029722243195 -1.9103809854991283 -2.391986203554159)
        (-5.493450208200888 -2.387142286396859 -2.9743595518885724)
        (-4.538834606473174 -2.802161335079541 -3.90342646734488)
        (-4.189101536142988 -3.362820262394565 -3.664668607121515)
        (-4.013160151721426 -3.8182476905581844 -1.7405088367796415)
        (-3.476238515161857 -3.547184034321155 -0.30790196807951353)
        (-2.7434877563744733 -2.824349371339392 0.07235341047559897)
        (-2.3727529302290358 -2.282732120510489 0.06864790474497652)
        (-2.276924519492006 -1.9795975470781009 0.004373923218408944)
        (-2.2396782921160616 -1.7802618397409042 0.003943845094350723)
        (-2.2144204348907333 -1.6350536472490065 0.004469470676126276)
        (-2.1906218831094195 -1.495007196092794 0.003659695145784277)
        (-2.173074655151247 -1.3717299124452378 0.004337265294526264)
);

boundaryField
{
    walls
    {
        type            zeroGradient;
    }

    inlet
    {
        type            fixedValue;
        value           uniform 300;
    }

    outlet
    {
        type            zeroGradient;
    }
// WALLS
    fixedWalls {
        type zeroGradient;
    }
    frontAndBack {
        type empty;
    }

    coldEnd {
        type zeroGradient;
    }

    hotEnd {
        type zeroGradient;
    }
        // WALLS
    patch_0_0 {
        type zeroGradient;
    }
    patch_1_0 {
        type zeroGradient;
    }

    // INLET
    patch_2_0 {
        type zeroGradient;
    }

    // OUTLET
    patch_3_0 {
        type zeroGradient;
    }

    // HEATER
    patch_4_0 {
        type zeroGradient;

    }

    // COOLER {
    patch_5_0 {
        type zeroGradient;
    }
}

// ************************************************************************* //
