/*--------------------------------*- C++ -*----------------------------------*\
| =========                 |                                                 |
| \\      /  F ield         | OpenFOAM: The Open Source CFD Toolbox           |
|  \\    /   O peration     | Version:  2406                                  |
|   \\  /    A nd           | Website:  www.openfoam.com                      |
|    \\/     M anipulation  |                                                 |
\*---------------------------------------------------------------------------*/
FoamFile
{
    version     2.0;
    format      ascii;
    arch        "LSB;label=32;scalar=64";
    note        "nPoints:5330  nCells:4084  nFaces:13457  nInternalFaces:10879";
    class       labelList;
    location    "constant/polyMesh";
    object      neighbour;
}
// * * * * * * * * * * * * * * * * * * * * * * * * * * * * * * * * * * * * * //


10879
(
1
17
1021
2
18
1022
3
19
1023
4
20
1024
5
21
1025
6
22
1026
7
23
1027
8
24
1028
9
25
1029
10
26
1030
11
27
1031
12
28
1032
13
29
1033
14
30
1034
31
1035
16
36
1036
17
37
1037
18
38
1038
19
39
1039
20
40
1040
21
41
1041
22
42
1042
23
43
1043
24
44
1044
25
45
1045
26
46
1046
27
47
1047
28
48
1048
29
49
1049
30
50
1050
31
51
1051
32
52
1052
33
53
1053
54
1054
35
58
1055
36
59
1056
37
60
1057
38
61
1058
39
62
1059
40
63
1060
41
64
1061
42
65
1062
43
66
1063
44
67
1064
45
68
1065
46
69
1066
47
70
1067
48
71
1068
49
72
1069
50
73
1070
51
74
1071
52
75
1072
53
76
1073
54
77
1074
55
78
1075
56
79
1076
80
1077
58
83
1078
59
84
1079
60
85
1080
61
86
1081
62
87
1082
63
88
1083
64
89
1084
65
90
1085
66
91
1086
67
92
1087
68
93
1088
69
94
1089
70
95
1090
71
96
1091
72
97
1092
73
98
1093
74
99
1094
75
100
1095
76
101
1096
77
102
1097
78
103
1098
79
104
1099
80
105
1100
81
106
1101
107
1102
83
110
1103
84
111
1104
85
112
1105
86
113
1106
87
114
1107
88
115
1108
89
116
1109
90
117
1110
91
118
1111
92
119
1112
93
120
1113
94
121
1114
95
122
1115
96
123
1116
97
124
1117
98
125
1118
99
126
1119
100
127
1120
101
128
1121
102
129
1122
103
130
1123
104
131
1124
105
132
1125
106
133
1126
107
134
1127
108
135
1128
136
1129
110
138
1130
111
139
1131
112
140
1132
113
141
1133
114
142
1134
115
143
1135
116
144
1136
117
145
1137
118
146
1138
119
147
1139
120
148
1140
121
149
1141
122
150
1142
123
151
1143
124
152
1144
125
153
1145
126
154
1146
127
155
1147
128
156
1148
129
157
1149
130
158
1150
131
159
1151
132
160
1152
133
161
1153
134
162
1154
135
163
1155
136
164
1156
137
165
1157
166
1158
139
168
1159
140
169
1160
141
170
1161
142
171
1162
143
172
1163
144
173
1164
145
174
1165
146
175
1166
147
176
1167
148
177
1168
149
178
1169
150
179
1170
151
180
1171
152
181
1172
153
182
1173
154
183
1174
155
184
1175
156
185
1176
157
186
1177
158
187
1178
159
188
1179
160
189
1180
161
190
1181
162
191
1182
163
192
1183
164
193
1184
165
194
1185
166
195
1186
196
1187
168
199
1188
169
200
1189
170
201
1190
171
202
1191
172
203
1192
173
204
1193
174
205
1194
175
206
1195
176
207
1196
177
208
1197
178
209
1198
179
210
1199
180
211
1200
181
212
1201
182
213
1202
183
214
1203
184
215
1204
185
216
1205
186
217
1206
187
218
1207
188
219
1208
189
220
1209
190
221
1210
191
222
1211
192
223
1212
193
224
1213
194
225
1214
195
226
1215
196
227
1216
197
228
1217
229
1218
199
231
1219
200
232
1220
201
233
1221
202
234
1222
203
235
1223
204
236
1224
205
237
1225
206
238
1226
207
239
1227
208
240
1228
209
241
1229
210
242
1230
211
243
1231
212
244
1232
213
245
1233
214
246
1234
215
247
1235
216
248
1236
217
249
1237
218
250
1238
219
251
1239
220
252
1240
221
253
1241
222
254
1242
223
255
1243
224
256
1244
225
257
1245
226
258
1246
227
259
1247
228
260
1248
229
261
1249
230
262
1250
263
1251
232
265
1252
233
266
1253
234
267
1254
235
268
1255
236
269
1256
237
270
1257
238
271
1258
239
272
1259
240
273
1260
241
274
1261
242
275
1262
243
276
1263
244
277
1264
245
278
1265
246
279
1266
247
280
1267
248
281
1268
249
282
1269
250
283
1270
251
284
1271
252
285
1272
253
286
1273
254
287
1274
255
288
1275
256
289
1276
257
290
1277
258
291
1278
259
292
1279
260
293
1280
261
294
1281
262
295
1282
263
296
1283
297
1284
265
299
1285
266
300
1286
267
301
1287
268
302
1288
269
303
1289
270
304
1290
271
305
1291
272
306
1292
273
307
1293
274
308
1294
275
309
1295
276
310
1296
277
311
1297
278
312
1298
279
313
1299
280
314
1300
281
315
1301
282
316
1302
283
317
1303
284
318
1304
285
319
1305
286
320
1306
287
321
1307
288
322
1308
289
323
1309
290
324
1310
291
325
1311
292
326
1312
293
327
1313
294
328
1314
295
329
1315
296
330
1316
297
331
1317
298
332
1318
333
1319
300
334
1320
301
335
1321
302
336
1322
303
337
1323
304
338
1324
305
339
1325
306
340
1326
307
341
1327
308
342
1328
309
343
1329
310
344
1330
311
345
1331
312
346
1332
313
347
1333
314
348
1334
315
349
1335
316
350
1336
317
351
1337
318
352
1338
319
353
1339
320
354
1340
321
355
1341
322
356
1342
323
357
1343
324
358
1344
325
359
1345
326
360
1346
327
361
1347
328
362
1348
329
363
1349
330
364
1350
331
365
1351
332
366
1352
333
367
1353
368
1354
335
370
1355
336
371
1356
337
372
1357
338
373
1358
339
374
1359
340
375
1360
341
376
1361
342
377
1362
343
378
1363
344
379
1364
345
380
1365
346
381
1366
347
382
1367
348
383
1368
349
384
1369
350
385
1370
351
386
1371
352
387
1372
353
388
1373
354
389
1374
355
390
1375
356
391
1376
357
392
1377
358
393
1378
359
394
1379
360
395
1380
361
396
1381
362
397
1382
363
398
1383
364
399
1384
365
400
1385
366
401
1386
367
402
1387
368
403
1388
404
1389
370
406
1390
371
407
1391
372
408
1392
373
409
1393
374
410
1394
375
411
1395
376
412
1396
377
413
1397
378
414
1398
379
415
1399
380
416
1400
381
417
1401
382
418
1402
383
419
1403
384
420
1404
385
421
1405
386
422
1406
387
423
1407
388
424
1408
389
425
1409
390
426
1410
391
427
1411
392
428
1412
393
429
1413
394
430
1414
395
431
1415
396
432
1416
397
433
1417
398
434
1418
399
435
1419
400
436
1420
401
437
1421
402
438
1422
403
439
1423
404
440
1424
405
441
1425
442
1426
407
443
1427
408
444
1428
409
445
1429
410
446
1430
411
447
1431
412
448
1432
413
449
1433
414
450
1434
415
451
1435
416
1436
417
1437
418
1438
419
1439
420
452
1440
421
453
1441
422
454
1442
423
455
1443
424
456
1444
425
457
1445
426
458
1446
427
459
1447
428
460
1448
429
461
1449
430
462
1450
431
1451
432
1452
433
1453
434
1454
435
463
1455
436
464
1456
437
465
1457
438
466
1458
439
467
1459
440
468
1460
441
469
1461
442
470
1462
471
1463
444
472
1464
445
473
1465
446
474
1466
447
475
1467
448
476
1468
449
477
1469
450
478
1470
451
479
1471
480
1472
453
481
1473
454
482
1474
455
483
1475
456
484
1476
457
485
1477
458
486
1478
459
487
1479
460
488
1480
461
489
1481
462
490
1482
491
1483
464
492
1484
465
493
1485
466
494
1486
467
495
1487
468
496
1488
469
497
1489
470
498
1490
471
499
1491
500
1492
473
501
1493
474
502
1494
475
503
1495
476
504
1496
477
505
1497
478
506
1498
479
507
1499
480
508
1500
509
1501
482
510
1502
483
511
1503
484
512
1504
485
513
1505
486
514
1506
487
515
1507
488
516
1508
489
517
1509
490
518
1510
491
519
1511
520
1512
493
521
1513
494
522
1514
495
523
1515
496
524
1516
497
525
1517
498
526
1518
499
527
1519
500
528
1520
529
1521
502
530
1522
503
531
1523
504
532
1524
505
533
1525
506
534
1526
507
535
1527
508
536
1528
509
537
1529
538
1530
511
539
1531
512
540
1532
513
541
1533
514
542
1534
515
543
1535
516
544
1536
517
545
1537
518
546
1538
519
547
1539
520
548
1540
549
1541
522
550
1542
523
551
1543
524
552
1544
525
553
1545
526
554
1546
527
555
1547
528
556
1548
529
557
1549
558
1550
531
559
1551
532
560
1552
533
561
1553
534
562
1554
535
563
1555
536
564
1556
537
565
1557
538
566
1558
567
1559
540
572
1560
541
573
1561
542
574
1562
543
575
1563
544
576
1564
545
577
1565
546
578
1566
547
579
1567
548
580
1568
549
581
1569
582
1570
551
587
1571
552
588
1572
553
589
1573
554
590
1574
555
591
1575
556
592
1576
557
593
1577
558
594
1578
595
1579
560
596
1580
561
597
1581
562
598
1582
563
599
1583
564
600
1584
565
601
1585
566
602
1586
567
603
1587
568
604
1588
569
605
1589
570
606
1590
571
607
1591
572
608
1592
573
609
1593
574
610
1594
575
611
1595
576
612
1596
577
613
1597
578
614
1598
579
615
1599
580
616
1600
581
617
1601
582
618
1602
583
619
1603
584
620
1604
585
621
1605
586
622
1606
587
623
1607
588
624
1608
589
625
1609
590
626
1610
591
627
1611
592
628
1612
593
629
1613
594
630
1614
595
631
1615
632
1616
597
1617
598
633
1618
599
634
1619
600
635
1620
601
636
1621
602
637
1622
603
638
1623
604
639
1624
605
640
1625
606
641
1626
607
642
1627
608
643
1628
609
644
1629
610
645
1630
611
646
1631
612
647
1632
613
648
1633
614
649
1634
615
650
1635
616
651
1636
617
652
1637
618
653
1638
619
654
1639
620
655
1640
621
656
1641
622
657
1642
623
658
1643
624
659
1644
625
660
1645
626
661
1646
627
662
1647
628
663
1648
629
664
1649
630
665
1650
631
666
1651
632
667
1652
1653
634
668
1654
635
669
1655
636
670
1656
637
671
1657
638
672
1658
639
673
1659
640
674
1660
641
675
1661
642
676
1662
643
677
1663
644
678
1664
645
679
1665
646
680
1666
647
681
1667
648
682
1668
649
683
1669
650
684
1670
651
685
1671
652
686
1672
653
687
1673
654
688
1674
655
689
1675
656
690
1676
657
691
1677
658
692
1678
659
693
1679
660
694
1680
661
695
1681
662
696
1682
663
697
1683
664
698
1684
665
699
1685
666
700
1686
667
701
1687
702
1688
669
703
1689
670
704
1690
671
705
1691
672
706
1692
673
707
1693
674
708
1694
675
709
1695
676
710
1696
677
711
1697
678
712
1698
679
713
1699
680
714
1700
681
715
1701
682
716
1702
683
717
1703
684
718
1704
685
719
1705
686
720
1706
687
721
1707
688
722
1708
689
723
1709
690
724
1710
691
725
1711
692
726
1712
693
727
1713
694
728
1714
695
729
1715
696
730
1716
697
731
1717
698
732
1718
699
733
1719
700
734
1720
701
735
1721
702
736
1722
737
1723
704
1724
705
738
1725
706
739
1726
707
740
1727
708
741
1728
709
742
1729
710
743
1730
711
744
1731
712
745
1732
713
746
1733
714
747
1734
715
748
1735
716
749
1736
717
750
1737
718
751
1738
719
752
1739
720
753
1740
721
754
1741
722
755
1742
723
756
1743
724
757
1744
725
758
1745
726
759
1746
727
760
1747
728
761
1748
729
762
1749
730
763
1750
731
764
1751
732
765
1752
733
766
1753
734
767
1754
735
768
1755
736
769
1756
737
770
1757
1758
739
771
1759
740
772
1760
741
773
1761
742
774
1762
743
775
1763
744
776
1764
745
777
1765
746
778
1766
747
779
1767
748
780
1768
749
781
1769
750
782
1770
751
783
1771
752
784
1772
753
785
1773
754
786
1774
755
787
1775
756
788
1776
757
789
1777
758
790
1778
759
791
1779
760
792
1780
761
793
1781
762
794
1782
763
795
1783
764
796
1784
765
797
1785
766
798
1786
767
799
1787
768
800
1788
769
801
1789
770
802
1790
803
1791
772
1792
773
804
1793
774
805
1794
775
806
1795
776
807
1796
777
808
1797
778
809
1798
779
810
1799
780
811
1800
781
812
1801
782
813
1802
783
814
1803
784
815
1804
785
816
1805
786
817
1806
787
818
1807
788
819
1808
789
820
1809
790
821
1810
791
822
1811
792
823
1812
793
824
1813
794
825
1814
795
826
1815
796
827
1816
797
828
1817
798
829
1818
799
830
1819
800
831
1820
801
832
1821
802
833
1822
803
834
1823
1824
805
835
1825
806
836
1826
807
837
1827
808
838
1828
809
839
1829
810
840
1830
811
841
1831
812
842
1832
813
843
1833
814
844
1834
815
845
1835
816
846
1836
817
847
1837
818
848
1838
819
849
1839
820
850
1840
821
851
1841
822
852
1842
823
853
1843
824
854
1844
825
855
1845
826
856
1846
827
857
1847
828
858
1848
829
859
1849
830
860
1850
831
861
1851
832
862
1852
833
863
1853
834
864
1854
865
1855
836
1856
837
866
1857
838
867
1858
839
868
1859
840
869
1860
841
870
1861
842
871
1862
843
872
1863
844
873
1864
845
874
1865
846
875
1866
847
876
1867
848
877
1868
849
878
1869
850
879
1870
851
880
1871
852
881
1872
853
882
1873
854
883
1874
855
884
1875
856
885
1876
857
886
1877
858
887
1878
859
888
1879
860
889
1880
861
890
1881
862
891
1882
863
892
1883
864
893
1884
865
894
1885
1886
867
1887
868
895
1888
869
896
1889
870
897
1890
871
898
1891
872
899
1892
873
900
1893
874
901
1894
875
902
1895
876
903
1896
877
904
1897
878
905
1898
879
906
1899
880
907
1900
881
908
1901
882
909
1902
883
910
1903
884
911
1904
885
912
1905
886
913
1906
887
914
1907
888
915
1908
889
916
1909
890
917
1910
891
918
1911
892
919
1912
893
920
1913
894
921
1914
1915
896
1916
897
922
1917
898
923
1918
899
924
1919
900
925
1920
901
926
1921
902
927
1922
903
928
1923
904
929
1924
905
930
1925
906
931
1926
907
932
1927
908
933
1928
909
934
1929
910
935
1930
911
936
1931
912
937
1932
913
938
1933
914
939
1934
915
940
1935
916
941
1936
917
942
1937
918
943
1938
919
944
1939
920
945
1940
921
946
1941
1942
923
1943
924
947
1944
925
948
1945
926
949
1946
927
950
1947
928
951
1948
929
952
1949
930
953
1950
931
954
1951
932
955
1952
933
956
1953
934
957
1954
935
958
1955
936
959
1956
937
960
1957
938
961
1958
939
962
1959
940
963
1960
941
964
1961
942
965
1962
943
966
1963
944
967
1964
945
968
1965
946
969
1966
1967
948
1968
949
970
1969
950
971
1970
951
972
1971
952
973
1972
953
974
1973
954
975
1974
955
976
1975
956
977
1976
957
978
1977
958
979
1978
959
980
1979
960
981
1980
961
982
1981
962
983
1982
963
984
1983
964
985
1984
965
986
1985
966
987
1986
967
988
1987
968
989
1988
969
990
1989
1990
971
1991
972
1992
973
991
1993
974
992
1994
975
993
1995
976
994
1996
977
995
1997
978
996
1998
979
997
1999
980
998
2000
981
999
2001
982
1000
2002
983
1001
2003
984
1002
2004
985
1003
2005
986
1004
2006
987
1005
2007
988
1006
2008
989
1007
2009
990
2010
2011
992
2012
993
2013
994
1008
2014
995
1009
2015
996
1010
2016
997
1011
2017
998
1012
2018
999
1013
2019
1000
1014
2020
1001
1015
2021
1002
1016
2022
1003
1017
2023
1004
1018
2024
1005
1019
2025
1006
1020
2026
1007
2027
2028
1009
2029
1010
2030
1011
2031
1012
2032
1013
2033
1014
2034
1015
2035
1016
2036
1017
2037
1018
2038
1019
2039
1020
2040
2041
1022
1038
2042
1023
1039
2043
1024
1040
2044
1025
1041
2045
1026
1042
2046
1027
1043
2047
1028
1044
2048
1029
1045
2049
1030
1046
2050
1031
1047
2051
1032
1048
2052
1033
1049
2053
1034
1050
2054
1035
1051
2055
1052
2056
1037
1057
2057
1038
1058
2058
1039
1059
2059
1040
1060
2060
1041
1061
2061
1042
1062
2062
1043
1063
2063
1044
1064
2064
1045
1065
2065
1046
1066
2066
1047
1067
2067
1048
1068
2068
1049
1069
2069
1050
1070
2070
1051
1071
2071
1052
1072
2072
1053
1073
2073
1054
1074
2074
1075
2075
1056
1079
2076
1057
1080
2077
1058
1081
2078
1059
1082
2079
1060
1083
2080
1061
1084
2081
1062
1085
2082
1063
1086
2083
1064
1087
2084
1065
1088
2085
1066
1089
2086
1067
1090
2087
1068
1091
2088
1069
1092
2089
1070
1093
2090
1071
1094
2091
1072
1095
2092
1073
1096
2093
1074
1097
2094
1075
1098
2095
1076
1099
2096
1077
1100
2097
1101
2098
1079
1104
2099
1080
1105
2100
1081
1106
2101
1082
1107
2102
1083
1108
2103
1084
1109
2104
1085
1110
2105
1086
1111
2106
1087
1112
2107
1088
1113
2108
1089
1114
2109
1090
1115
2110
1091
1116
2111
1092
1117
2112
1093
1118
2113
1094
1119
2114
1095
1120
2115
1096
1121
2116
1097
1122
2117
1098
1123
2118
1099
1124
2119
1100
1125
2120
1101
1126
2121
1102
1127
2122
1128
2123
1104
1131
2124
1105
1132
2125
1106
1133
2126
1107
1134
2127
1108
1135
2128
1109
1136
2129
1110
1137
2130
1111
1138
2131
1112
1139
2132
1113
1140
2133
1114
1141
2134
1115
1142
2135
1116
1143
2136
1117
1144
2137
1118
1145
2138
1119
1146
2139
1120
1147
2140
1121
1148
2141
1122
1149
2142
1123
1150
2143
1124
1151
2144
1125
1152
2145
1126
1153
2146
1127
1154
2147
1128
1155
2148
1129
1156
2149
1157
2150
1131
1159
2151
1132
1160
2152
1133
1161
2153
1134
1162
2154
1135
1163
2155
1136
1164
2156
1137
1165
2157
1138
1166
2158
1139
1167
2159
1140
1168
2160
1141
1169
2161
1142
1170
2162
1143
1171
2163
1144
1172
2164
1145
1173
2165
1146
1174
2166
1147
1175
2167
1148
1176
2168
1149
1177
2169
1150
1178
2170
1151
1179
2171
1152
1180
2172
1153
1181
2173
1154
1182
2174
1155
1183
2175
1156
1184
2176
1157
1185
2177
1158
1186
2178
1187
2179
1160
1189
2180
1161
1190
2181
1162
1191
2182
1163
1192
2183
1164
1193
2184
1165
1194
2185
1166
1195
2186
1167
1196
2187
1168
1197
2188
1169
1198
2189
1170
1199
2190
1171
1200
2191
1172
1201
2192
1173
1202
2193
1174
1203
2194
1175
1204
2195
1176
1205
2196
1177
1206
2197
1178
1207
2198
1179
1208
2199
1180
1209
2200
1181
1210
2201
1182
1211
2202
1183
1212
2203
1184
1213
2204
1185
1214
2205
1186
1215
2206
1187
1216
2207
1217
2208
1189
1220
2209
1190
1221
2210
1191
1222
2211
1192
1223
2212
1193
1224
2213
1194
1225
2214
1195
1226
2215
1196
1227
2216
1197
1228
2217
1198
1229
2218
1199
1230
2219
1200
1231
2220
1201
1232
2221
1202
1233
2222
1203
1234
2223
1204
1235
2224
1205
1236
2225
1206
1237
2226
1207
1238
2227
1208
1239
2228
1209
1240
2229
1210
1241
2230
1211
1242
2231
1212
1243
2232
1213
1244
2233
1214
1245
2234
1215
1246
2235
1216
1247
2236
1217
1248
2237
1218
1249
2238
1250
2239
1220
1252
2240
1221
1253
2241
1222
1254
2242
1223
1255
2243
1224
1256
2244
1225
1257
2245
1226
1258
2246
1227
1259
2247
1228
1260
2248
1229
1261
2249
1230
1262
2250
1231
1263
2251
1232
1264
2252
1233
1265
2253
1234
1266
2254
1235
1267
2255
1236
1268
2256
1237
1269
2257
1238
1270
2258
1239
1271
2259
1240
1272
2260
1241
1273
2261
1242
1274
2262
1243
1275
2263
1244
1276
2264
1245
1277
2265
1246
1278
2266
1247
1279
2267
1248
1280
2268
1249
1281
2269
1250
1282
2270
1251
1283
2271
1284
2272
1253
1286
2273
1254
1287
2274
1255
1288
2275
1256
1289
2276
1257
1290
2277
1258
1291
2278
1259
1292
2279
1260
1293
2280
1261
1294
2281
1262
1295
2282
1263
1296
2283
1264
1297
2284
1265
1298
2285
1266
1299
2286
1267
1300
2287
1268
1301
2288
1269
1302
2289
1270
1303
2290
1271
1304
2291
1272
1305
2292
1273
1306
2293
1274
1307
2294
1275
1308
2295
1276
1309
2296
1277
1310
2297
1278
1311
2298
1279
1312
2299
1280
1313
2300
1281
1314
2301
1282
1315
2302
1283
1316
2303
1284
1317
2304
1318
2305
1286
1320
2306
1287
1321
2307
1288
1322
2308
1289
1323
2309
1290
1324
2310
1291
1325
2311
1292
1326
2312
1293
1327
2313
1294
1328
2314
1295
1329
2315
1296
1330
2316
1297
1331
2317
1298
1332
2318
1299
1333
2319
1300
1334
2320
1301
1335
2321
1302
1336
2322
1303
1337
2323
1304
1338
2324
1305
1339
2325
1306
1340
2326
1307
1341
2327
1308
1342
2328
1309
1343
2329
1310
1344
2330
1311
1345
2331
1312
1346
2332
1313
1347
2333
1314
1348
2334
1315
1349
2335
1316
1350
2336
1317
1351
2337
1318
1352
2338
1319
1353
2339
1354
2340
1321
1355
2341
1322
1356
2342
1323
1357
2343
1324
1358
2344
1325
1359
2345
1326
1360
2346
1327
1361
2347
1328
1362
2348
1329
1363
2349
1330
1364
2350
1331
1365
2351
1332
1366
2352
1333
1367
2353
1334
1368
2354
1335
1369
2355
1336
1370
2356
1337
1371
2357
1338
1372
2358
1339
1373
2359
1340
1374
2360
1341
1375
2361
1342
1376
2362
1343
1377
2363
1344
1378
2364
1345
1379
2365
1346
1380
2366
1347
1381
2367
1348
1382
2368
1349
1383
2369
1350
1384
2370
1351
1385
2371
1352
1386
2372
1353
1387
2373
1354
1388
2374
1389
2375
1356
1391
2376
1357
1392
2377
1358
1393
2378
1359
1394
2379
1360
1395
2380
1361
1396
2381
1362
1397
2382
1363
1398
2383
1364
1399
2384
1365
1400
2385
1366
1401
2386
1367
1402
2387
1368
1403
2388
1369
1404
2389
1370
1405
2390
1371
1406
2391
1372
1407
2392
1373
1408
2393
1374
1409
2394
1375
1410
2395
1376
1411
2396
1377
1412
2397
1378
1413
2398
1379
1414
2399
1380
1415
2400
1381
1416
2401
1382
1417
2402
1383
1418
2403
1384
1419
2404
1385
1420
2405
1386
1421
2406
1387
1422
2407
1388
1423
2408
1389
1424
2409
1425
2410
1391
1427
2411
1392
1428
2412
1393
1429
2413
1394
1430
2414
1395
1431
2415
1396
1432
2416
1397
1433
2417
1398
1434
2418
1399
1435
2419
1400
1436
2420
1401
1437
2421
1402
1438
2422
1403
1439
2423
1404
1440
2424
1405
1441
2425
1406
1442
2426
1407
1443
2427
1408
1444
2428
1409
1445
2429
1410
1446
2430
1411
1447
2431
1412
1448
2432
1413
1449
2433
1414
1450
2434
1415
1451
2435
1416
1452
2436
1417
1453
2437
1418
1454
2438
1419
1455
2439
1420
1456
2440
1421
1457
2441
1422
1458
2442
1423
1459
2443
1424
1460
2444
1425
1461
2445
1426
1462
2446
1463
2447
1428
1464
2448
1429
1465
2449
1430
1466
2450
1431
1467
2451
1432
1468
2452
1433
1469
2453
1434
1470
2454
1435
1471
2455
1436
1472
2456
1437
2457
1438
2458
1439
2459
1440
2460
1441
1473
2461
1442
1474
2462
1443
1475
2463
1444
1476
2464
1445
1477
2465
1446
1478
2466
1447
1479
2467
1448
1480
2468
1449
1481
2469
1450
1482
2470
1451
1483
2471
1452
2472
1453
2473
1454
2474
1455
2475
1456
1484
2476
1457
1485
2477
1458
1486
2478
1459
1487
2479
1460
1488
2480
1461
1489
2481
1462
1490
2482
1463
1491
2483
1492
2484
1465
1493
2485
1466
1494
2486
1467
1495
2487
1468
1496
2488
1469
1497
2489
1470
1498
2490
1471
1499
2491
1472
1500
2492
1501
2493
1474
1502
2494
1475
1503
2495
1476
1504
2496
1477
1505
2497
1478
1506
2498
1479
1507
2499
1480
1508
2500
1481
1509
2501
1482
1510
2502
1483
1511
2503
1512
2504
1485
1513
2505
1486
1514
2506
1487
1515
2507
1488
1516
2508
1489
1517
2509
1490
1518
2510
1491
1519
2511
1492
1520
2512
1521
2513
1494
1522
2514
1495
1523
2515
1496
1524
2516
1497
1525
2517
1498
1526
2518
1499
1527
2519
1500
1528
2520
1501
1529
2521
1530
2522
1503
1531
2523
1504
1532
2524
1505
1533
2525
1506
1534
2526
1507
1535
2527
1508
1536
2528
1509
1537
2529
1510
1538
2530
1511
1539
2531
1512
1540
2532
1541
2533
1514
1542
2534
1515
1543
2535
1516
1544
2536
1517
1545
2537
1518
1546
2538
1519
1547
2539
1520
1548
2540
1521
1549
2541
1550
2542
1523
1551
2543
1524
1552
2544
1525
1553
2545
1526
1554
2546
1527
1555
2547
1528
1556
2548
1529
1557
2549
1530
1558
2550
1559
2551
1532
1560
2552
1533
1561
2553
1534
1562
2554
1535
1563
2555
1536
1564
2556
1537
1565
2557
1538
1566
2558
1539
1567
2559
1540
1568
2560
1541
1569
2561
1570
2562
1543
1571
2563
1544
1572
2564
1545
1573
2565
1546
1574
2566
1547
1575
2567
1548
1576
2568
1549
1577
2569
1550
1578
2570
1579
2571
1552
1580
2572
1553
1581
2573
1554
1582
2574
1555
1583
2575
1556
1584
2576
1557
1585
2577
1558
1586
2578
1559
1587
2579
1588
2580
1561
1593
2581
1562
1594
2582
1563
1595
2583
1564
1596
2584
1565
1597
2585
1566
1598
2586
1567
1599
2587
1568
1600
2588
1569
1601
2589
1570
1602
2590
1603
2591
1572
1608
2592
1573
1609
2593
1574
1610
2594
1575
1611
2595
1576
1612
2596
1577
1613
2597
1578
1614
2598
1579
1615
2599
1616
2600
1581
1617
2601
1582
1618
2602
1583
1619
2603
1584
1620
2604
1585
1621
2605
1586
1622
2606
1587
1623
2607
1588
1624
2608
1589
1625
2609
1590
1626
2610
1591
1627
2611
1592
1628
2612
1593
1629
2613
1594
1630
2614
1595
1631
2615
1596
1632
2616
1597
1633
2617
1598
1634
2618
1599
1635
2619
1600
1636
2620
1601
1637
2621
1602
1638
2622
1603
1639
2623
1604
1640
2624
1605
1641
2625
1606
1642
2626
1607
1643
2627
1608
1644
2628
1609
1645
2629
1610
1646
2630
1611
1647
2631
1612
1648
2632
1613
1649
2633
1614
1650
2634
1615
1651
2635
1616
1652
2636
1653
2637
1618
2638
1619
1654
2639
1620
1655
2640
1621
1656
2641
1622
1657
2642
1623
1658
2643
1624
1659
2644
1625
1660
2645
1626
1661
2646
1627
1662
2647
1628
1663
2648
1629
1664
2649
1630
1665
2650
1631
1666
2651
1632
1667
2652
1633
1668
2653
1634
1669
2654
1635
1670
2655
1636
1671
2656
1637
1672
2657
1638
1673
2658
1639
1674
2659
1640
1675
2660
1641
1676
2661
1642
1677
2662
1643
1678
2663
1644
1679
2664
1645
1680
2665
1646
1681
2666
1647
1682
2667
1648
1683
2668
1649
1684
2669
1650
1685
2670
1651
1686
2671
1652
1687
2672
1653
1688
2673
2674
1655
1689
2675
1656
1690
2676
1657
1691
2677
1658
1692
2678
1659
1693
2679
1660
1694
2680
1661
1695
2681
1662
1696
2682
1663
1697
2683
1664
1698
2684
1665
1699
2685
1666
1700
2686
1667
1701
2687
1668
1702
2688
1669
1703
2689
1670
1704
2690
1671
1705
2691
1672
1706
2692
1673
1707
2693
1674
1708
2694
1675
1709
2695
1676
1710
2696
1677
1711
2697
1678
1712
2698
1679
1713
2699
1680
1714
2700
1681
1715
2701
1682
1716
2702
1683
1717
2703
1684
1718
2704
1685
1719
2705
1686
1720
2706
1687
1721
2707
1688
1722
2708
1723
2709
1690
1724
2710
1691
1725
2711
1692
1726
2712
1693
1727
2713
1694
1728
2714
1695
1729
2715
1696
1730
2716
1697
1731
2717
1698
1732
2718
1699
1733
2719
1700
1734
2720
1701
1735
2721
1702
1736
2722
1703
1737
2723
1704
1738
2724
1705
1739
2725
1706
1740
2726
1707
1741
2727
1708
1742
2728
1709
1743
2729
1710
1744
2730
1711
1745
2731
1712
1746
2732
1713
1747
2733
1714
1748
2734
1715
1749
2735
1716
1750
2736
1717
1751
2737
1718
1752
2738
1719
1753
2739
1720
1754
2740
1721
1755
2741
1722
1756
2742
1723
1757
2743
1758
2744
1725
2745
1726
1759
2746
1727
1760
2747
1728
1761
2748
1729
1762
2749
1730
1763
2750
1731
1764
2751
1732
1765
2752
1733
1766
2753
1734
1767
2754
1735
1768
2755
1736
1769
2756
1737
1770
2757
1738
1771
2758
1739
1772
2759
1740
1773
2760
1741
1774
2761
1742
1775
2762
1743
1776
2763
1744
1777
2764
1745
1778
2765
1746
1779
2766
1747
1780
2767
1748
1781
2768
1749
1782
2769
1750
1783
2770
1751
1784
2771
1752
1785
2772
1753
1786
2773
1754
1787
2774
1755
1788
2775
1756
1789
2776
1757
1790
2777
1758
1791
2778
2779
1760
1792
2780
1761
1793
2781
1762
1794
2782
1763
1795
2783
1764
1796
2784
1765
1797
2785
1766
1798
2786
1767
1799
2787
1768
1800
2788
1769
1801
2789
1770
1802
2790
1771
1803
2791
1772
1804
2792
1773
1805
2793
1774
1806
2794
1775
1807
2795
1776
1808
2796
1777
1809
2797
1778
1810
2798
1779
1811
2799
1780
1812
2800
1781
1813
2801
1782
1814
2802
1783
1815
2803
1784
1816
2804
1785
1817
2805
1786
1818
2806
1787
1819
2807
1788
1820
2808
1789
1821
2809
1790
1822
2810
1791
1823
2811
1824
2812
1793
2813
1794
1825
2814
1795
1826
2815
1796
1827
2816
1797
1828
2817
1798
1829
2818
1799
1830
2819
1800
1831
2820
1801
1832
2821
1802
1833
2822
1803
1834
2823
1804
1835
2824
1805
1836
2825
1806
1837
2826
1807
1838
2827
1808
1839
2828
1809
1840
2829
1810
1841
2830
1811
1842
2831
1812
1843
2832
1813
1844
2833
1814
1845
2834
1815
1846
2835
1816
1847
2836
1817
1848
2837
1818
1849
2838
1819
1850
2839
1820
1851
2840
1821
1852
2841
1822
1853
2842
1823
1854
2843
1824
1855
2844
2845
1826
1856
2846
1827
1857
2847
1828
1858
2848
1829
1859
2849
1830
1860
2850
1831
1861
2851
1832
1862
2852
1833
1863
2853
1834
1864
2854
1835
1865
2855
1836
1866
2856
1837
1867
2857
1838
1868
2858
1839
1869
2859
1840
1870
2860
1841
1871
2861
1842
1872
2862
1843
1873
2863
1844
1874
2864
1845
1875
2865
1846
1876
2866
1847
1877
2867
1848
1878
2868
1849
1879
2869
1850
1880
2870
1851
1881
2871
1852
1882
2872
1853
1883
2873
1854
1884
2874
1855
1885
2875
1886
2876
1857
2877
1858
1887
2878
1859
1888
2879
1860
1889
2880
1861
1890
2881
1862
1891
2882
1863
1892
2883
1864
1893
2884
1865
1894
2885
1866
1895
2886
1867
1896
2887
1868
1897
2888
1869
1898
2889
1870
1899
2890
1871
1900
2891
1872
1901
2892
1873
1902
2893
1874
1903
2894
1875
1904
2895
1876
1905
2896
1877
1906
2897
1878
1907
2898
1879
1908
2899
1880
1909
2900
1881
1910
2901
1882
1911
2902
1883
1912
2903
1884
1913
2904
1885
1914
2905
1886
1915
2906
2907
1888
2908
1889
1916
2909
1890
1917
2910
1891
1918
2911
1892
1919
2912
1893
1920
2913
1894
1921
2914
1895
1922
2915
1896
1923
2916
1897
1924
2917
1898
1925
2918
1899
1926
2919
1900
1927
2920
1901
1928
2921
1902
1929
2922
1903
1930
2923
1904
1931
2924
1905
1932
2925
1906
1933
2926
1907
1934
2927
1908
1935
2928
1909
1936
2929
1910
1937
2930
1911
1938
2931
1912
1939
2932
1913
1940
2933
1914
1941
2934
1915
1942
2935
2936
1917
2937
1918
1943
2938
1919
1944
2939
1920
1945
2940
1921
1946
2941
1922
1947
2942
1923
1948
2943
1924
1949
2944
1925
1950
2945
1926
1951
2946
1927
1952
2947
1928
1953
2948
1929
1954
2949
1930
1955
2950
1931
1956
2951
1932
1957
2952
1933
1958
2953
1934
1959
2954
1935
1960
2955
1936
1961
2956
1937
1962
2957
1938
1963
2958
1939
1964
2959
1940
1965
2960
1941
1966
2961
1942
1967
2962
2963
1944
2964
1945
1968
2965
1946
1969
2966
1947
1970
2967
1948
1971
2968
1949
1972
2969
1950
1973
2970
1951
1974
2971
1952
1975
2972
1953
1976
2973
1954
1977
2974
1955
1978
2975
1956
1979
2976
1957
1980
2977
1958
1981
2978
1959
1982
2979
1960
1983
2980
1961
1984
2981
1962
1985
2982
1963
1986
2983
1964
1987
2984
1965
1988
2985
1966
1989
2986
1967
1990
2987
2988
1969
2989
1970
1991
2990
1971
1992
2991
1972
1993
2992
1973
1994
2993
1974
1995
2994
1975
1996
2995
1976
1997
2996
1977
1998
2997
1978
1999
2998
1979
2000
2999
1980
2001
3000
1981
2002
3001
1982
2003
3002
1983
2004
3003
1984
2005
3004
1985
2006
3005
1986
2007
3006
1987
2008
3007
1988
2009
3008
1989
2010
3009
1990
2011
3010
3011
1992
3012
1993
3013
1994
2012
3014
1995
2013
3015
1996
2014
3016
1997
2015
3017
1998
2016
3018
1999
2017
3019
2000
2018
3020
2001
2019
3021
2002
2020
3022
2003
2021
3023
2004
2022
3024
2005
2023
3025
2006
2024
3026
2007
2025
3027
2008
2026
3028
2009
2027
3029
2010
2028
3030
2011
3031
3032
2013
3033
2014
3034
2015
2029
3035
2016
2030
3036
2017
2031
3037
2018
2032
3038
2019
2033
3039
2020
2034
3040
2021
2035
3041
2022
2036
3042
2023
2037
3043
2024
2038
3044
2025
2039
3045
2026
2040
3046
2027
2041
3047
2028
3048
3049
2030
3050
2031
3051
2032
3052
2033
3053
2034
3054
2035
3055
2036
3056
2037
3057
2038
3058
2039
3059
2040
3060
2041
3061
3062
2043
2059
3063
2044
2060
3064
2045
2061
3065
2046
2062
3066
2047
2063
3067
2048
2064
3068
2049
2065
3069
2050
2066
3070
2051
2067
3071
2052
2068
3072
2053
2069
3073
2054
2070
3074
2055
2071
3075
2056
2072
3076
2073
3077
2058
2078
3078
2059
2079
3079
2060
2080
3080
2061
2081
3081
2062
2082
3082
2063
2083
3083
2064
2084
3084
2065
2085
3085
2066
2086
3086
2067
2087
3087
2068
2088
3088
2069
2089
3089
2070
2090
3090
2071
2091
3091
2072
2092
3092
2073
2093
3093
2074
2094
3094
2075
2095
3095
2096
3096
2077
2100
3097
2078
2101
3098
2079
2102
3099
2080
2103
3100
2081
2104
3101
2082
2105
3102
2083
2106
3103
2084
2107
3104
2085
2108
3105
2086
2109
3106
2087
2110
3107
2088
2111
3108
2089
2112
3109
2090
2113
3110
2091
2114
3111
2092
2115
3112
2093
2116
3113
2094
2117
3114
2095
2118
3115
2096
2119
3116
2097
2120
3117
2098
2121
3118
2122
3119
2100
2125
3120
2101
2126
3121
2102
2127
3122
2103
2128
3123
2104
2129
3124
2105
2130
3125
2106
2131
3126
2107
2132
3127
2108
2133
3128
2109
2134
3129
2110
2135
3130
2111
2136
3131
2112
2137
3132
2113
2138
3133
2114
2139
3134
2115
2140
3135
2116
2141
3136
2117
2142
3137
2118
2143
3138
2119
2144
3139
2120
2145
3140
2121
2146
3141
2122
2147
3142
2123
2148
3143
2149
3144
2125
2152
3145
2126
2153
3146
2127
2154
3147
2128
2155
3148
2129
2156
3149
2130
2157
3150
2131
2158
3151
2132
2159
3152
2133
2160
3153
2134
2161
3154
2135
2162
3155
2136
2163
3156
2137
2164
3157
2138
2165
3158
2139
2166
3159
2140
2167
3160
2141
2168
3161
2142
2169
3162
2143
2170
3163
2144
2171
3164
2145
2172
3165
2146
2173
3166
2147
2174
3167
2148
2175
3168
2149
2176
3169
2150
2177
3170
2178
3171
2152
2180
3172
2153
2181
3173
2154
2182
3174
2155
2183
3175
2156
2184
3176
2157
2185
3177
2158
2186
3178
2159
2187
3179
2160
2188
3180
2161
2189
3181
2162
2190
3182
2163
2191
3183
2164
2192
3184
2165
2193
3185
2166
2194
3186
2167
2195
3187
2168
2196
3188
2169
2197
3189
2170
2198
3190
2171
2199
3191
2172
2200
3192
2173
2201
3193
2174
2202
3194
2175
2203
3195
2176
2204
3196
2177
2205
3197
2178
2206
3198
2179
2207
3199
2208
3200
2181
2210
3201
2182
2211
3202
2183
2212
3203
2184
2213
3204
2185
2214
3205
2186
2215
3206
2187
2216
3207
2188
2217
3208
2189
2218
3209
2190
2219
3210
2191
2220
3211
2192
2221
3212
2193
2222
3213
2194
2223
3214
2195
2224
3215
2196
2225
3216
2197
2226
3217
2198
2227
3218
2199
2228
3219
2200
2229
3220
2201
2230
3221
2202
2231
3222
2203
2232
3223
2204
2233
3224
2205
2234
3225
2206
2235
3226
2207
2236
3227
2208
2237
3228
2238
3229
2210
2241
3230
2211
2242
3231
2212
2243
3232
2213
2244
3233
2214
2245
3234
2215
2246
3235
2216
2247
3236
2217
2248
3237
2218
2249
3238
2219
2250
3239
2220
2251
3240
2221
2252
3241
2222
2253
3242
2223
2254
3243
2224
2255
3244
2225
2256
3245
2226
2257
3246
2227
2258
3247
2228
2259
3248
2229
2260
3249
2230
2261
3250
2231
2262
3251
2232
2263
3252
2233
2264
3253
2234
2265
3254
2235
2266
3255
2236
2267
3256
2237
2268
3257
2238
2269
3258
2239
2270
3259
2271
3260
2241
2273
3261
2242
2274
3262
2243
2275
3263
2244
2276
3264
2245
2277
3265
2246
2278
3266
2247
2279
3267
2248
2280
3268
2249
2281
3269
2250
2282
3270
2251
2283
3271
2252
2284
3272
2253
2285
3273
2254
2286
3274
2255
2287
3275
2256
2288
3276
2257
2289
3277
2258
2290
3278
2259
2291
3279
2260
2292
3280
2261
2293
3281
2262
2294
3282
2263
2295
3283
2264
2296
3284
2265
2297
3285
2266
2298
3286
2267
2299
3287
2268
2300
3288
2269
2301
3289
2270
2302
3290
2271
2303
3291
2272
2304
3292
2305
3293
2274
2307
3294
2275
2308
3295
2276
2309
3296
2277
2310
3297
2278
2311
3298
2279
2312
3299
2280
2313
3300
2281
2314
3301
2282
2315
3302
2283
2316
3303
2284
2317
3304
2285
2318
3305
2286
2319
3306
2287
2320
3307
2288
2321
3308
2289
2322
3309
2290
2323
3310
2291
2324
3311
2292
2325
3312
2293
2326
3313
2294
2327
3314
2295
2328
3315
2296
2329
3316
2297
2330
3317
2298
2331
3318
2299
2332
3319
2300
2333
3320
2301
2334
3321
2302
2335
3322
2303
2336
3323
2304
2337
3324
2305
2338
3325
2339
3326
2307
2341
3327
2308
2342
3328
2309
2343
3329
2310
2344
3330
2311
2345
3331
2312
2346
3332
2313
2347
3333
2314
2348
3334
2315
2349
3335
2316
2350
3336
2317
2351
3337
2318
2352
3338
2319
2353
3339
2320
2354
3340
2321
2355
3341
2322
2356
3342
2323
2357
3343
2324
2358
3344
2325
2359
3345
2326
2360
3346
2327
2361
3347
2328
2362
3348
2329
2363
3349
2330
2364
3350
2331
2365
3351
2332
2366
3352
2333
2367
3353
2334
2368
3354
2335
2369
3355
2336
2370
3356
2337
2371
3357
2338
2372
3358
2339
2373
3359
2340
2374
3360
2375
3361
2342
2376
3362
2343
2377
3363
2344
2378
3364
2345
2379
3365
2346
2380
3366
2347
2381
3367
2348
2382
3368
2349
2383
3369
2350
2384
3370
2351
2385
3371
2352
2386
3372
2353
2387
3373
2354
2388
3374
2355
2389
3375
2356
2390
3376
2357
2391
3377
2358
2392
3378
2359
2393
3379
2360
2394
3380
2361
2395
3381
2362
2396
3382
2363
2397
3383
2364
2398
3384
2365
2399
3385
2366
2400
3386
2367
2401
3387
2368
2402
3388
2369
2403
3389
2370
2404
3390
2371
2405
3391
2372
2406
3392
2373
2407
3393
2374
2408
3394
2375
2409
3395
2410
3396
2377
2412
3397
2378
2413
3398
2379
2414
3399
2380
2415
3400
2381
2416
3401
2382
2417
3402
2383
2418
3403
2384
2419
3404
2385
2420
3405
2386
2421
3406
2387
2422
3407
2388
2423
3408
2389
2424
3409
2390
2425
3410
2391
2426
3411
2392
2427
3412
2393
2428
3413
2394
2429
3414
2395
2430
3415
2396
2431
3416
2397
2432
3417
2398
2433
3418
2399
2434
3419
2400
2435
3420
2401
2436
3421
2402
2437
3422
2403
2438
3423
2404
2439
3424
2405
2440
3425
2406
2441
3426
2407
2442
3427
2408
2443
3428
2409
2444
3429
2410
2445
3430
2446
3431
2412
2448
3432
2413
2449
3433
2414
2450
3434
2415
2451
3435
2416
2452
3436
2417
2453
3437
2418
2454
3438
2419
2455
3439
2420
2456
3440
2421
2457
3441
2422
2458
3442
2423
2459
3443
2424
2460
3444
2425
2461
3445
2426
2462
3446
2427
2463
3447
2428
2464
3448
2429
2465
3449
2430
2466
3450
2431
2467
3451
2432
2468
3452
2433
2469
3453
2434
2470
3454
2435
2471
3455
2436
2472
3456
2437
2473
3457
2438
2474
3458
2439
2475
3459
2440
2476
3460
2441
2477
3461
2442
2478
3462
2443
2479
3463
2444
2480
3464
2445
2481
3465
2446
2482
3466
2447
2483
3467
2484
3468
2449
2485
3469
2450
2486
3470
2451
2487
3471
2452
2488
3472
2453
2489
3473
2454
2490
3474
2455
2491
3475
2456
2492
3476
2457
2493
3477
2458
3478
2459
3479
2460
3480
2461
3481
2462
2494
3482
2463
2495
3483
2464
2496
3484
2465
2497
3485
2466
2498
3486
2467
2499
3487
2468
2500
3488
2469
2501
3489
2470
2502
3490
2471
2503
3491
2472
2504
3492
2473
3493
2474
3494
2475
3495
2476
3496
2477
2505
3497
2478
2506
3498
2479
2507
3499
2480
2508
3500
2481
2509
3501
2482
2510
3502
2483
2511
3503
2484
2512
3504
2513
3505
2486
2514
3506
2487
2515
3507
2488
2516
3508
2489
2517
3509
2490
2518
3510
2491
2519
3511
2492
2520
3512
2493
2521
3513
2522
3514
2495
2523
3515
2496
2524
3516
2497
2525
3517
2498
2526
3518
2499
2527
3519
2500
2528
3520
2501
2529
3521
2502
2530
3522
2503
2531
3523
2504
2532
3524
2533
3525
2506
2534
3526
2507
2535
3527
2508
2536
3528
2509
2537
3529
2510
2538
3530
2511
2539
3531
2512
2540
3532
2513
2541
3533
2542
3534
2515
2543
3535
2516
2544
3536
2517
2545
3537
2518
2546
3538
2519
2547
3539
2520
2548
3540
2521
2549
3541
2522
2550
3542
2551
3543
2524
2552
3544
2525
2553
3545
2526
2554
3546
2527
2555
3547
2528
2556
3548
2529
2557
3549
2530
2558
3550
2531
2559
3551
2532
2560
3552
2533
2561
3553
2562
3554
2535
2563
3555
2536
2564
3556
2537
2565
3557
2538
2566
3558
2539
2567
3559
2540
2568
3560
2541
2569
3561
2542
2570
3562
2571
3563
2544
2572
3564
2545
2573
3565
2546
2574
3566
2547
2575
3567
2548
2576
3568
2549
2577
3569
2550
2578
3570
2551
2579
3571
2580
3572
2553
2581
3573
2554
2582
3574
2555
2583
3575
2556
2584
3576
2557
2585
3577
2558
2586
3578
2559
2587
3579
2560
2588
3580
2561
2589
3581
2562
2590
3582
2591
3583
2564
2592
3584
2565
2593
3585
2566
2594
3586
2567
2595
3587
2568
2596
3588
2569
2597
3589
2570
2598
3590
2571
2599
3591
2600
3592
2573
2601
3593
2574
2602
3594
2575
2603
3595
2576
2604
3596
2577
2605
3597
2578
2606
3598
2579
2607
3599
2580
2608
3600
2609
3601
2582
2614
3602
2583
2615
3603
2584
2616
3604
2585
2617
3605
2586
2618
3606
2587
2619
3607
2588
2620
3608
2589
2621
3609
2590
2622
3610
2591
2623
3611
2624
3612
2593
2629
3613
2594
2630
3614
2595
2631
3615
2596
2632
3616
2597
2633
3617
2598
2634
3618
2599
2635
3619
2600
2636
3620
2637
3621
2602
2638
3622
2603
2639
3623
2604
2640
3624
2605
2641
3625
2606
2642
3626
2607
2643
3627
2608
2644
3628
2609
2645
3629
2610
2646
3630
2611
2647
3631
2612
2648
3632
2613
2649
3633
2614
2650
3634
2615
2651
3635
2616
2652
3636
2617
2653
3637
2618
2654
3638
2619
2655
3639
2620
2656
3640
2621
2657
3641
2622
2658
3642
2623
2659
3643
2624
2660
3644
2625
2661
3645
2626
2662
3646
2627
2663
3647
2628
2664
3648
2629
2665
3649
2630
2666
3650
2631
2667
3651
2632
2668
3652
2633
2669
3653
2634
2670
3654
2635
2671
3655
2636
2672
3656
2637
2673
3657
2674
3658
2639
3659
2640
2675
3660
2641
2676
3661
2642
2677
3662
2643
2678
3663
2644
2679
3664
2645
2680
3665
2646
2681
3666
2647
2682
3667
2648
2683
3668
2649
2684
3669
2650
2685
3670
2651
2686
3671
2652
2687
3672
2653
2688
3673
2654
2689
3674
2655
2690
3675
2656
2691
3676
2657
2692
3677
2658
2693
3678
2659
2694
3679
2660
2695
3680
2661
2696
3681
2662
2697
3682
2663
2698
3683
2664
2699
3684
2665
2700
3685
2666
2701
3686
2667
2702
3687
2668
2703
3688
2669
2704
3689
2670
2705
3690
2671
2706
3691
2672
2707
3692
2673
2708
3693
2674
2709
3694
3695
2676
2710
3696
2677
2711
3697
2678
2712
3698
2679
2713
3699
2680
2714
3700
2681
2715
3701
2682
2716
3702
2683
2717
3703
2684
2718
3704
2685
2719
3705
2686
2720
3706
2687
2721
3707
2688
2722
3708
2689
2723
3709
2690
2724
3710
2691
2725
3711
2692
2726
3712
2693
2727
3713
2694
2728
3714
2695
2729
3715
2696
2730
3716
2697
2731
3717
2698
2732
3718
2699
2733
3719
2700
2734
3720
2701
2735
3721
2702
2736
3722
2703
2737
3723
2704
2738
3724
2705
2739
3725
2706
2740
3726
2707
2741
3727
2708
2742
3728
2709
2743
3729
2744
3730
2711
2745
3731
2712
2746
3732
2713
2747
3733
2714
2748
3734
2715
2749
3735
2716
2750
3736
2717
2751
3737
2718
2752
3738
2719
2753
3739
2720
2754
3740
2721
2755
3741
2722
2756
3742
2723
2757
3743
2724
2758
3744
2725
2759
3745
2726
2760
3746
2727
2761
3747
2728
2762
3748
2729
2763
3749
2730
2764
3750
2731
2765
3751
2732
2766
3752
2733
2767
3753
2734
2768
3754
2735
2769
3755
2736
2770
3756
2737
2771
3757
2738
2772
3758
2739
2773
3759
2740
2774
3760
2741
2775
3761
2742
2776
3762
2743
2777
3763
2744
2778
3764
2779
3765
2746
3766
2747
2780
3767
2748
2781
3768
2749
2782
3769
2750
2783
3770
2751
2784
3771
2752
2785
3772
2753
2786
3773
2754
2787
3774
2755
2788
3775
2756
2789
3776
2757
2790
3777
2758
2791
3778
2759
2792
3779
2760
2793
3780
2761
2794
3781
2762
2795
3782
2763
2796
3783
2764
2797
3784
2765
2798
3785
2766
2799
3786
2767
2800
3787
2768
2801
3788
2769
2802
3789
2770
2803
3790
2771
2804
3791
2772
2805
3792
2773
2806
3793
2774
2807
3794
2775
2808
3795
2776
2809
3796
2777
2810
3797
2778
2811
3798
2779
2812
3799
3800
2781
2813
3801
2782
2814
3802
2783
2815
3803
2784
2816
3804
2785
2817
3805
2786
2818
3806
2787
2819
3807
2788
2820
3808
2789
2821
3809
2790
2822
3810
2791
2823
3811
2792
2824
3812
2793
2825
3813
2794
2826
3814
2795
2827
3815
2796
2828
3816
2797
2829
3817
2798
2830
3818
2799
2831
3819
2800
2832
3820
2801
2833
3821
2802
2834
3822
2803
2835
3823
2804
2836
3824
2805
2837
3825
2806
2838
3826
2807
2839
3827
2808
2840
3828
2809
2841
3829
2810
2842
3830
2811
2843
3831
2812
2844
3832
2845
3833
2814
3834
2815
2846
3835
2816
2847
3836
2817
2848
3837
2818
2849
3838
2819
2850
3839
2820
2851
3840
2821
2852
3841
2822
2853
3842
2823
2854
3843
2824
2855
3844
2825
2856
3845
2826
2857
3846
2827
2858
3847
2828
2859
3848
2829
2860
3849
2830
2861
3850
2831
2862
3851
2832
2863
3852
2833
2864
3853
2834
2865
3854
2835
2866
3855
2836
2867
3856
2837
2868
3857
2838
2869
3858
2839
2870
3859
2840
2871
3860
2841
2872
3861
2842
2873
3862
2843
2874
3863
2844
2875
3864
2845
2876
3865
3866
2847
2877
3867
2848
2878
3868
2849
2879
3869
2850
2880
3870
2851
2881
3871
2852
2882
3872
2853
2883
3873
2854
2884
3874
2855
2885
3875
2856
2886
3876
2857
2887
3877
2858
2888
3878
2859
2889
3879
2860
2890
3880
2861
2891
3881
2862
2892
3882
2863
2893
3883
2864
2894
3884
2865
2895
3885
2866
2896
3886
2867
2897
3887
2868
2898
3888
2869
2899
3889
2870
2900
3890
2871
2901
3891
2872
2902
3892
2873
2903
3893
2874
2904
3894
2875
2905
3895
2876
2906
3896
2907
3897
2878
3898
2879
2908
3899
2880
2909
3900
2881
2910
3901
2882
2911
3902
2883
2912
3903
2884
2913
3904
2885
2914
3905
2886
2915
3906
2887
2916
3907
2888
2917
3908
2889
2918
3909
2890
2919
3910
2891
2920
3911
2892
2921
3912
2893
2922
3913
2894
2923
3914
2895
2924
3915
2896
2925
3916
2897
2926
3917
2898
2927
3918
2899
2928
3919
2900
2929
3920
2901
2930
3921
2902
2931
3922
2903
2932
3923
2904
2933
3924
2905
2934
3925
2906
2935
3926
2907
2936
3927
3928
2909
3929
2910
2937
3930
2911
2938
3931
2912
2939
3932
2913
2940
3933
2914
2941
3934
2915
2942
3935
2916
2943
3936
2917
2944
3937
2918
2945
3938
2919
2946
3939
2920
2947
3940
2921
2948
3941
2922
2949
3942
2923
2950
3943
2924
2951
3944
2925
2952
3945
2926
2953
3946
2927
2954
3947
2928
2955
3948
2929
2956
3949
2930
2957
3950
2931
2958
3951
2932
2959
3952
2933
2960
3953
2934
2961
3954
2935
2962
3955
2936
2963
3956
3957
2938
3958
2939
2964
3959
2940
2965
3960
2941
2966
3961
2942
2967
3962
2943
2968
3963
2944
2969
3964
2945
2970
3965
2946
2971
3966
2947
2972
3967
2948
2973
3968
2949
2974
3969
2950
2975
3970
2951
2976
3971
2952
2977
3972
2953
2978
3973
2954
2979
3974
2955
2980
3975
2956
2981
3976
2957
2982
3977
2958
2983
3978
2959
2984
3979
2960
2985
3980
2961
2986
3981
2962
2987
3982
2963
2988
3983
3984
2965
3985
2966
2989
3986
2967
2990
3987
2968
2991
3988
2969
2992
3989
2970
2993
3990
2971
2994
3991
2972
2995
3992
2973
2996
3993
2974
2997
3994
2975
2998
3995
2976
2999
3996
2977
3000
3997
2978
3001
3998
2979
3002
3999
2980
3003
4000
2981
3004
4001
2982
3005
4002
2983
3006
4003
2984
3007
4004
2985
3008
4005
2986
3009
4006
2987
3010
4007
2988
3011
4008
4009
2990
4010
2991
3012
4011
2992
3013
4012
2993
3014
4013
2994
3015
4014
2995
3016
4015
2996
3017
4016
2997
3018
4017
2998
3019
4018
2999
3020
4019
3000
3021
4020
3001
3022
4021
3002
3023
4022
3003
3024
4023
3004
3025
4024
3005
3026
4025
3006
3027
4026
3007
3028
4027
3008
3029
4028
3009
3030
4029
3010
3031
4030
3011
3032
4031
4032
3013
4033
3014
4034
3015
3033
4035
3016
3034
4036
3017
3035
4037
3018
3036
4038
3019
3037
4039
3020
3038
4040
3021
3039
4041
3022
3040
4042
3023
3041
4043
3024
3042
4044
3025
3043
4045
3026
3044
4046
3027
3045
4047
3028
3046
4048
3029
3047
4049
3030
3048
4050
3031
3049
4051
3032
4052
4053
3034
4054
3035
4055
3036
3050
4056
3037
3051
4057
3038
3052
4058
3039
3053
4059
3040
3054
4060
3041
3055
4061
3042
3056
4062
3043
3057
4063
3044
3058
4064
3045
3059
4065
3046
3060
4066
3047
3061
4067
3048
3062
4068
3049
4069
4070
3051
4071
3052
4072
3053
4073
3054
4074
3055
4075
3056
4076
3057
4077
3058
4078
3059
4079
3060
4080
3061
4081
3062
4082
4083
3064
3080
3065
3081
3066
3082
3067
3083
3068
3084
3069
3085
3070
3086
3071
3087
3072
3088
3073
3089
3074
3090
3075
3091
3076
3092
3077
3093
3094
3079
3099
3080
3100
3081
3101
3082
3102
3083
3103
3084
3104
3085
3105
3086
3106
3087
3107
3088
3108
3089
3109
3090
3110
3091
3111
3092
3112
3093
3113
3094
3114
3095
3115
3096
3116
3117
3098
3121
3099
3122
3100
3123
3101
3124
3102
3125
3103
3126
3104
3127
3105
3128
3106
3129
3107
3130
3108
3131
3109
3132
3110
3133
3111
3134
3112
3135
3113
3136
3114
3137
3115
3138
3116
3139
3117
3140
3118
3141
3119
3142
3143
3121
3146
3122
3147
3123
3148
3124
3149
3125
3150
3126
3151
3127
3152
3128
3153
3129
3154
3130
3155
3131
3156
3132
3157
3133
3158
3134
3159
3135
3160
3136
3161
3137
3162
3138
3163
3139
3164
3140
3165
3141
3166
3142
3167
3143
3168
3144
3169
3170
3146
3173
3147
3174
3148
3175
3149
3176
3150
3177
3151
3178
3152
3179
3153
3180
3154
3181
3155
3182
3156
3183
3157
3184
3158
3185
3159
3186
3160
3187
3161
3188
3162
3189
3163
3190
3164
3191
3165
3192
3166
3193
3167
3194
3168
3195
3169
3196
3170
3197
3171
3198
3199
3173
3201
3174
3202
3175
3203
3176
3204
3177
3205
3178
3206
3179
3207
3180
3208
3181
3209
3182
3210
3183
3211
3184
3212
3185
3213
3186
3214
3187
3215
3188
3216
3189
3217
3190
3218
3191
3219
3192
3220
3193
3221
3194
3222
3195
3223
3196
3224
3197
3225
3198
3226
3199
3227
3200
3228
3229
3202
3231
3203
3232
3204
3233
3205
3234
3206
3235
3207
3236
3208
3237
3209
3238
3210
3239
3211
3240
3212
3241
3213
3242
3214
3243
3215
3244
3216
3245
3217
3246
3218
3247
3219
3248
3220
3249
3221
3250
3222
3251
3223
3252
3224
3253
3225
3254
3226
3255
3227
3256
3228
3257
3229
3258
3259
3231
3262
3232
3263
3233
3264
3234
3265
3235
3266
3236
3267
3237
3268
3238
3269
3239
3270
3240
3271
3241
3272
3242
3273
3243
3274
3244
3275
3245
3276
3246
3277
3247
3278
3248
3279
3249
3280
3250
3281
3251
3282
3252
3283
3253
3284
3254
3285
3255
3286
3256
3287
3257
3288
3258
3289
3259
3290
3260
3291
3292
3262
3294
3263
3295
3264
3296
3265
3297
3266
3298
3267
3299
3268
3300
3269
3301
3270
3302
3271
3303
3272
3304
3273
3305
3274
3306
3275
3307
3276
3308
3277
3309
3278
3310
3279
3311
3280
3312
3281
3313
3282
3314
3283
3315
3284
3316
3285
3317
3286
3318
3287
3319
3288
3320
3289
3321
3290
3322
3291
3323
3292
3324
3293
3325
3326
3295
3328
3296
3329
3297
3330
3298
3331
3299
3332
3300
3333
3301
3334
3302
3335
3303
3336
3304
3337
3305
3338
3306
3339
3307
3340
3308
3341
3309
3342
3310
3343
3311
3344
3312
3345
3313
3346
3314
3347
3315
3348
3316
3349
3317
3350
3318
3351
3319
3352
3320
3353
3321
3354
3322
3355
3323
3356
3324
3357
3325
3358
3326
3359
3360
3328
3362
3329
3363
3330
3364
3331
3365
3332
3366
3333
3367
3334
3368
3335
3369
3336
3370
3337
3371
3338
3372
3339
3373
3340
3374
3341
3375
3342
3376
3343
3377
3344
3378
3345
3379
3346
3380
3347
3381
3348
3382
3349
3383
3350
3384
3351
3385
3352
3386
3353
3387
3354
3388
3355
3389
3356
3390
3357
3391
3358
3392
3359
3393
3360
3394
3361
3395
3396
3363
3397
3364
3398
3365
3399
3366
3400
3367
3401
3368
3402
3369
3403
3370
3404
3371
3405
3372
3406
3373
3407
3374
3408
3375
3409
3376
3410
3377
3411
3378
3412
3379
3413
3380
3414
3381
3415
3382
3416
3383
3417
3384
3418
3385
3419
3386
3420
3387
3421
3388
3422
3389
3423
3390
3424
3391
3425
3392
3426
3393
3427
3394
3428
3395
3429
3396
3430
3431
3398
3433
3399
3434
3400
3435
3401
3436
3402
3437
3403
3438
3404
3439
3405
3440
3406
3441
3407
3442
3408
3443
3409
3444
3410
3445
3411
3446
3412
3447
3413
3448
3414
3449
3415
3450
3416
3451
3417
3452
3418
3453
3419
3454
3420
3455
3421
3456
3422
3457
3423
3458
3424
3459
3425
3460
3426
3461
3427
3462
3428
3463
3429
3464
3430
3465
3431
3466
3467
3433
3469
3434
3470
3435
3471
3436
3472
3437
3473
3438
3474
3439
3475
3440
3476
3441
3477
3442
3478
3443
3479
3444
3480
3445
3481
3446
3482
3447
3483
3448
3484
3449
3485
3450
3486
3451
3487
3452
3488
3453
3489
3454
3490
3455
3491
3456
3492
3457
3493
3458
3494
3459
3495
3460
3496
3461
3497
3462
3498
3463
3499
3464
3500
3465
3501
3466
3502
3467
3503
3468
3504
3505
3470
3506
3471
3507
3472
3508
3473
3509
3474
3510
3475
3511
3476
3512
3477
3513
3478
3514
3479
3480
3481
3482
3483
3515
3484
3516
3485
3517
3486
3518
3487
3519
3488
3520
3489
3521
3490
3522
3491
3523
3492
3524
3493
3525
3494
3495
3496
3497
3498
3526
3499
3527
3500
3528
3501
3529
3502
3530
3503
3531
3504
3532
3505
3533
3534
3507
3535
3508
3536
3509
3537
3510
3538
3511
3539
3512
3540
3513
3541
3514
3542
3543
3516
3544
3517
3545
3518
3546
3519
3547
3520
3548
3521
3549
3522
3550
3523
3551
3524
3552
3525
3553
3554
3527
3555
3528
3556
3529
3557
3530
3558
3531
3559
3532
3560
3533
3561
3534
3562
3563
3536
3564
3537
3565
3538
3566
3539
3567
3540
3568
3541
3569
3542
3570
3543
3571
3572
3545
3573
3546
3574
3547
3575
3548
3576
3549
3577
3550
3578
3551
3579
3552
3580
3553
3581
3554
3582
3583
3556
3584
3557
3585
3558
3586
3559
3587
3560
3588
3561
3589
3562
3590
3563
3591
3592
3565
3593
3566
3594
3567
3595
3568
3596
3569
3597
3570
3598
3571
3599
3572
3600
3601
3574
3602
3575
3603
3576
3604
3577
3605
3578
3606
3579
3607
3580
3608
3581
3609
3582
3610
3583
3611
3612
3585
3613
3586
3614
3587
3615
3588
3616
3589
3617
3590
3618
3591
3619
3592
3620
3621
3594
3622
3595
3623
3596
3624
3597
3625
3598
3626
3599
3627
3600
3628
3601
3629
3630
3603
3635
3604
3636
3605
3637
3606
3638
3607
3639
3608
3640
3609
3641
3610
3642
3611
3643
3612
3644
3645
3614
3650
3615
3651
3616
3652
3617
3653
3618
3654
3619
3655
3620
3656
3621
3657
3658
3623
3659
3624
3660
3625
3661
3626
3662
3627
3663
3628
3664
3629
3665
3630
3666
3631
3667
3632
3668
3633
3669
3634
3670
3635
3671
3636
3672
3637
3673
3638
3674
3639
3675
3640
3676
3641
3677
3642
3678
3643
3679
3644
3680
3645
3681
3646
3682
3647
3683
3648
3684
3649
3685
3650
3686
3651
3687
3652
3688
3653
3689
3654
3690
3655
3691
3656
3692
3657
3693
3658
3694
3695
3660
3661
3696
3662
3697
3663
3698
3664
3699
3665
3700
3666
3701
3667
3702
3668
3703
3669
3704
3670
3705
3671
3706
3672
3707
3673
3708
3674
3709
3675
3710
3676
3711
3677
3712
3678
3713
3679
3714
3680
3715
3681
3716
3682
3717
3683
3718
3684
3719
3685
3720
3686
3721
3687
3722
3688
3723
3689
3724
3690
3725
3691
3726
3692
3727
3693
3728
3694
3729
3695
3730
3697
3731
3698
3732
3699
3733
3700
3734
3701
3735
3702
3736
3703
3737
3704
3738
3705
3739
3706
3740
3707
3741
3708
3742
3709
3743
3710
3744
3711
3745
3712
3746
3713
3747
3714
3748
3715
3749
3716
3750
3717
3751
3718
3752
3719
3753
3720
3754
3721
3755
3722
3756
3723
3757
3724
3758
3725
3759
3726
3760
3727
3761
3728
3762
3729
3763
3730
3764
3765
3732
3766
3733
3767
3734
3768
3735
3769
3736
3770
3737
3771
3738
3772
3739
3773
3740
3774
3741
3775
3742
3776
3743
3777
3744
3778
3745
3779
3746
3780
3747
3781
3748
3782
3749
3783
3750
3784
3751
3785
3752
3786
3753
3787
3754
3788
3755
3789
3756
3790
3757
3791
3758
3792
3759
3793
3760
3794
3761
3795
3762
3796
3763
3797
3764
3798
3765
3799
3800
3767
3768
3801
3769
3802
3770
3803
3771
3804
3772
3805
3773
3806
3774
3807
3775
3808
3776
3809
3777
3810
3778
3811
3779
3812
3780
3813
3781
3814
3782
3815
3783
3816
3784
3817
3785
3818
3786
3819
3787
3820
3788
3821
3789
3822
3790
3823
3791
3824
3792
3825
3793
3826
3794
3827
3795
3828
3796
3829
3797
3830
3798
3831
3799
3832
3800
3833
3802
3834
3803
3835
3804
3836
3805
3837
3806
3838
3807
3839
3808
3840
3809
3841
3810
3842
3811
3843
3812
3844
3813
3845
3814
3846
3815
3847
3816
3848
3817
3849
3818
3850
3819
3851
3820
3852
3821
3853
3822
3854
3823
3855
3824
3856
3825
3857
3826
3858
3827
3859
3828
3860
3829
3861
3830
3862
3831
3863
3832
3864
3833
3865
3866
3835
3836
3867
3837
3868
3838
3869
3839
3870
3840
3871
3841
3872
3842
3873
3843
3874
3844
3875
3845
3876
3846
3877
3847
3878
3848
3879
3849
3880
3850
3881
3851
3882
3852
3883
3853
3884
3854
3885
3855
3886
3856
3887
3857
3888
3858
3889
3859
3890
3860
3891
3861
3892
3862
3893
3863
3894
3864
3895
3865
3896
3866
3897
3868
3898
3869
3899
3870
3900
3871
3901
3872
3902
3873
3903
3874
3904
3875
3905
3876
3906
3877
3907
3878
3908
3879
3909
3880
3910
3881
3911
3882
3912
3883
3913
3884
3914
3885
3915
3886
3916
3887
3917
3888
3918
3889
3919
3890
3920
3891
3921
3892
3922
3893
3923
3894
3924
3895
3925
3896
3926
3897
3927
3928
3899
3900
3929
3901
3930
3902
3931
3903
3932
3904
3933
3905
3934
3906
3935
3907
3936
3908
3937
3909
3938
3910
3939
3911
3940
3912
3941
3913
3942
3914
3943
3915
3944
3916
3945
3917
3946
3918
3947
3919
3948
3920
3949
3921
3950
3922
3951
3923
3952
3924
3953
3925
3954
3926
3955
3927
3956
3928
3957
3930
3931
3958
3932
3959
3933
3960
3934
3961
3935
3962
3936
3963
3937
3964
3938
3965
3939
3966
3940
3967
3941
3968
3942
3969
3943
3970
3944
3971
3945
3972
3946
3973
3947
3974
3948
3975
3949
3976
3950
3977
3951
3978
3952
3979
3953
3980
3954
3981
3955
3982
3956
3983
3957
3984
3959
3960
3985
3961
3986
3962
3987
3963
3988
3964
3989
3965
3990
3966
3991
3967
3992
3968
3993
3969
3994
3970
3995
3971
3996
3972
3997
3973
3998
3974
3999
3975
4000
3976
4001
3977
4002
3978
4003
3979
4004
3980
4005
3981
4006
3982
4007
3983
4008
3984
4009
3986
3987
4010
3988
4011
3989
4012
3990
4013
3991
4014
3992
4015
3993
4016
3994
4017
3995
4018
3996
4019
3997
4020
3998
4021
3999
4022
4000
4023
4001
4024
4002
4025
4003
4026
4004
4027
4005
4028
4006
4029
4007
4030
4008
4031
4009
4032
4011
4012
4033
4013
4034
4014
4035
4015
4036
4016
4037
4017
4038
4018
4039
4019
4040
4020
4041
4021
4042
4022
4043
4023
4044
4024
4045
4025
4046
4026
4047
4027
4048
4028
4049
4029
4050
4030
4051
4031
4052
4032
4053
4034
4035
4036
4054
4037
4055
4038
4056
4039
4057
4040
4058
4041
4059
4042
4060
4043
4061
4044
4062
4045
4063
4046
4064
4047
4065
4048
4066
4049
4067
4050
4068
4051
4069
4052
4070
4053
4055
4056
4057
4071
4058
4072
4059
4073
4060
4074
4061
4075
4062
4076
4063
4077
4064
4078
4065
4079
4066
4080
4067
4081
4068
4082
4069
4083
4070
4072
4073
4074
4075
4076
4077
4078
4079
4080
4081
4082
4083
)


// ************************************************************************* //
