/*--------------------------------*- C++ -*----------------------------------*\
| =========                 |                                                 |
| \\      /  F ield         | OpenFOAM: The Open Source CFD Toolbox           |
|  \\    /   O peration     | Version:  2406                                  |
|   \\  /    A nd           | Website:  www.openfoam.com                      |
|    \\/     M anipulation  |                                                 |
\*---------------------------------------------------------------------------*/
FoamFile
{
    version     2.0;
    format      ascii;
    arch        "LSB;label=32;scalar=64";
    class       faceList;
    location    "constant/polyMesh";
    object      faces;
}
// * * * * * * * * * * * * * * * * * * * * * * * * * * * * * * * * * * * * * //


3980
(
4(1 7 43 37)
4(6 42 43 7)
4(36 37 43 42)
4(0 36 42 6)
4(0 1 37 36)
4(2 8 44 38)
4(7 43 44 8)
4(37 38 44 43)
4(1 2 38 37)
4(3 9 45 39)
4(8 44 45 9)
4(38 39 45 44)
4(2 3 39 38)
4(4 10 46 40)
4(9 45 46 10)
4(39 40 46 45)
4(3 4 40 39)
4(10 46 47 11)
4(40 41 47 46)
4(4 5 41 40)
4(5 11 47 41)
4(7 13 49 43)
4(12 48 49 13)
4(42 43 49 48)
4(6 42 48 12)
4(8 14 50 44)
4(13 49 50 14)
4(43 44 50 49)
4(9 15 51 45)
4(14 50 51 15)
4(44 45 51 50)
4(10 16 52 46)
4(15 51 52 16)
4(45 46 52 51)
4(16 52 53 17)
4(46 47 53 52)
4(11 17 53 47)
4(13 19 55 49)
4(18 54 55 19)
4(48 49 55 54)
4(12 48 54 18)
4(14 20 56 50)
4(19 55 56 20)
4(49 50 56 55)
4(15 21 57 51)
4(20 56 57 21)
4(50 51 57 56)
4(16 22 58 52)
4(21 57 58 22)
4(51 52 58 57)
4(22 58 59 23)
4(52 53 59 58)
4(17 23 59 53)
4(19 25 61 55)
4(24 60 61 25)
4(54 55 61 60)
4(18 54 60 24)
4(20 26 62 56)
4(25 61 62 26)
4(55 56 62 61)
4(21 27 63 57)
4(26 62 63 27)
4(56 57 63 62)
4(22 28 64 58)
4(27 63 64 28)
4(57 58 64 63)
4(28 64 65 29)
4(58 59 65 64)
4(23 29 65 59)
4(25 31 67 61)
4(60 61 67 66)
4(24 60 66 30)
4(30 66 67 31)
4(26 32 68 62)
4(61 62 68 67)
4(31 67 68 32)
4(27 33 69 63)
4(62 63 69 68)
4(32 68 69 33)
4(28 34 70 64)
4(63 64 70 69)
4(33 69 70 34)
4(64 65 71 70)
4(29 35 71 65)
4(34 70 71 35)
4(37 43 79 73)
4(42 78 79 43)
4(72 73 79 78)
4(36 72 78 42)
4(36 37 73 72)
4(38 44 80 74)
4(43 79 80 44)
4(73 74 80 79)
4(37 38 74 73)
4(39 45 81 75)
4(44 80 81 45)
4(74 75 81 80)
4(38 39 75 74)
4(40 46 82 76)
4(45 81 82 46)
4(75 76 82 81)
4(39 40 76 75)
4(46 82 83 47)
4(76 77 83 82)
4(40 41 77 76)
4(41 47 83 77)
4(43 49 85 79)
4(48 84 85 49)
4(78 79 85 84)
4(42 78 84 48)
4(44 50 86 80)
4(49 85 86 50)
4(79 80 86 85)
4(45 51 87 81)
4(50 86 87 51)
4(80 81 87 86)
4(46 52 88 82)
4(51 87 88 52)
4(81 82 88 87)
4(52 88 89 53)
4(82 83 89 88)
4(47 53 89 83)
4(49 55 91 85)
4(54 90 91 55)
4(84 85 91 90)
4(48 84 90 54)
4(50 56 92 86)
4(55 91 92 56)
4(85 86 92 91)
4(51 57 93 87)
4(56 92 93 57)
4(86 87 93 92)
4(52 58 94 88)
4(57 93 94 58)
4(87 88 94 93)
4(58 94 95 59)
4(88 89 95 94)
4(53 59 95 89)
4(55 61 97 91)
4(60 96 97 61)
4(90 91 97 96)
4(54 90 96 60)
4(56 62 98 92)
4(61 97 98 62)
4(91 92 98 97)
4(57 63 99 93)
4(62 98 99 63)
4(92 93 99 98)
4(58 64 100 94)
4(63 99 100 64)
4(93 94 100 99)
4(64 100 101 65)
4(94 95 101 100)
4(59 65 101 95)
4(61 67 103 97)
4(96 97 103 102)
4(60 96 102 66)
4(66 102 103 67)
4(62 68 104 98)
4(97 98 104 103)
4(67 103 104 68)
4(63 69 105 99)
4(98 99 105 104)
4(68 104 105 69)
4(64 70 106 100)
4(99 100 106 105)
4(69 105 106 70)
4(100 101 107 106)
4(65 71 107 101)
4(70 106 107 71)
4(73 79 115 109)
4(78 114 115 79)
4(108 109 115 114)
4(72 108 114 78)
4(72 73 109 108)
4(74 80 116 110)
4(79 115 116 80)
4(109 110 116 115)
4(73 74 110 109)
4(75 81 117 111)
4(80 116 117 81)
4(110 111 117 116)
4(74 75 111 110)
4(76 82 118 112)
4(81 117 118 82)
4(111 112 118 117)
4(75 76 112 111)
4(82 118 119 83)
4(112 113 119 118)
4(76 77 113 112)
4(77 83 119 113)
4(79 85 121 115)
4(84 120 121 85)
4(114 115 121 120)
4(78 114 120 84)
4(80 86 122 116)
4(85 121 122 86)
4(115 116 122 121)
4(81 87 123 117)
4(86 122 123 87)
4(116 117 123 122)
4(82 88 124 118)
4(87 123 124 88)
4(117 118 124 123)
4(88 124 125 89)
4(118 119 125 124)
4(83 89 125 119)
4(85 91 127 121)
4(90 126 127 91)
4(120 121 127 126)
4(84 120 126 90)
4(86 92 128 122)
4(91 127 128 92)
4(121 122 128 127)
4(87 93 129 123)
4(92 128 129 93)
4(122 123 129 128)
4(88 94 130 124)
4(93 129 130 94)
4(123 124 130 129)
4(94 130 131 95)
4(124 125 131 130)
4(89 95 131 125)
4(91 97 133 127)
4(96 132 133 97)
4(126 127 133 132)
4(90 126 132 96)
4(92 98 134 128)
4(97 133 134 98)
4(127 128 134 133)
4(93 99 135 129)
4(98 134 135 99)
4(128 129 135 134)
4(94 100 136 130)
4(99 135 136 100)
4(129 130 136 135)
4(100 136 137 101)
4(130 131 137 136)
4(95 101 137 131)
4(97 103 139 133)
4(132 133 139 138)
4(96 132 138 102)
4(102 138 139 103)
4(98 104 140 134)
4(133 134 140 139)
4(103 139 140 104)
4(99 105 141 135)
4(134 135 141 140)
4(104 140 141 105)
4(100 106 142 136)
4(135 136 142 141)
4(105 141 142 106)
4(136 137 143 142)
4(101 107 143 137)
4(106 142 143 107)
4(109 115 151 145)
4(114 150 151 115)
4(108 144 150 114)
4(108 109 145 144)
4(110 116 152 146)
4(115 151 152 116)
4(109 110 146 145)
4(111 117 153 147)
4(116 152 153 117)
4(110 111 147 146)
4(112 118 154 148)
4(117 153 154 118)
4(111 112 148 147)
4(118 154 155 119)
4(112 113 149 148)
4(113 119 155 149)
4(115 121 157 151)
4(120 156 157 121)
4(114 150 156 120)
4(116 122 158 152)
4(121 157 158 122)
4(117 123 159 153)
4(122 158 159 123)
4(118 124 160 154)
4(123 159 160 124)
4(124 160 161 125)
4(119 125 161 155)
4(121 127 163 157)
4(126 162 163 127)
4(120 156 162 126)
4(122 128 164 158)
4(127 163 164 128)
4(123 129 165 159)
4(128 164 165 129)
4(124 130 166 160)
4(129 165 166 130)
4(130 166 167 131)
4(125 131 167 161)
4(127 133 169 163)
4(132 168 169 133)
4(126 162 168 132)
4(128 134 170 164)
4(133 169 170 134)
4(129 135 171 165)
4(134 170 171 135)
4(130 136 172 166)
4(135 171 172 136)
4(136 172 173 137)
4(131 137 173 167)
4(133 139 175 169)
4(132 168 174 138)
4(138 174 175 139)
4(134 140 176 170)
4(139 175 176 140)
4(135 141 177 171)
4(140 176 177 141)
4(136 142 178 172)
4(141 177 178 142)
4(137 143 179 173)
4(142 178 179 143)
4(181 186 216 211)
4(185 215 216 186)
4(210 211 216 215)
4(180 181 211 210)
4(180 210 215 185)
4(182 187 217 212)
4(186 216 217 187)
4(211 212 217 216)
4(181 182 212 211)
4(183 188 218 213)
4(187 217 218 188)
4(212 213 218 217)
4(182 183 213 212)
4(184 189 219 214)
4(188 218 219 189)
4(213 214 219 218)
4(183 184 214 213)
4(189 219 42 6)
4(214 36 42 219)
4(184 0 36 214)
4(186 191 221 216)
4(190 220 221 191)
4(215 216 221 220)
4(185 215 220 190)
4(187 192 222 217)
4(191 221 222 192)
4(216 217 222 221)
4(188 193 223 218)
4(192 222 223 193)
4(217 218 223 222)
4(189 194 224 219)
4(193 223 224 194)
4(218 219 224 223)
4(194 224 48 12)
4(219 42 48 224)
4(191 196 226 221)
4(195 225 226 196)
4(220 221 226 225)
4(190 220 225 195)
4(192 197 227 222)
4(196 226 227 197)
4(221 222 227 226)
4(193 198 228 223)
4(197 227 228 198)
4(222 223 228 227)
4(194 199 229 224)
4(198 228 229 199)
4(223 224 229 228)
4(199 229 54 18)
4(224 48 54 229)
4(196 201 231 226)
4(200 230 231 201)
4(225 226 231 230)
4(195 225 230 200)
4(197 202 232 227)
4(201 231 232 202)
4(226 227 232 231)
4(198 203 233 228)
4(202 232 233 203)
4(227 228 233 232)
4(199 204 234 229)
4(203 233 234 204)
4(228 229 234 233)
4(204 234 60 24)
4(229 54 60 234)
4(201 206 236 231)
4(230 231 236 235)
4(205 235 236 206)
4(200 230 235 205)
4(202 207 237 232)
4(231 232 237 236)
4(206 236 237 207)
4(203 208 238 233)
4(232 233 238 237)
4(207 237 238 208)
4(204 209 239 234)
4(233 234 239 238)
4(208 238 239 209)
4(234 60 66 239)
4(209 239 66 30)
4(211 216 246 241)
4(215 245 246 216)
4(240 241 246 245)
4(210 211 241 240)
4(210 240 245 215)
4(212 217 247 242)
4(216 246 247 217)
4(241 242 247 246)
4(211 212 242 241)
4(213 218 248 243)
4(217 247 248 218)
4(242 243 248 247)
4(212 213 243 242)
4(214 219 249 244)
4(218 248 249 219)
4(243 244 249 248)
4(213 214 244 243)
4(219 249 78 42)
4(244 72 78 249)
4(214 36 72 244)
4(216 221 251 246)
4(220 250 251 221)
4(245 246 251 250)
4(215 245 250 220)
4(217 222 252 247)
4(221 251 252 222)
4(246 247 252 251)
4(218 223 253 248)
4(222 252 253 223)
4(247 248 253 252)
4(219 224 254 249)
4(223 253 254 224)
4(248 249 254 253)
4(224 254 84 48)
4(249 78 84 254)
4(221 226 256 251)
4(225 255 256 226)
4(250 251 256 255)
4(220 250 255 225)
4(222 227 257 252)
4(226 256 257 227)
4(251 252 257 256)
4(223 228 258 253)
4(227 257 258 228)
4(252 253 258 257)
4(224 229 259 254)
4(228 258 259 229)
4(253 254 259 258)
4(229 259 90 54)
4(254 84 90 259)
4(226 231 261 256)
4(230 260 261 231)
4(255 256 261 260)
4(225 255 260 230)
4(227 232 262 257)
4(231 261 262 232)
4(256 257 262 261)
4(228 233 263 258)
4(232 262 263 233)
4(257 258 263 262)
4(229 234 264 259)
4(233 263 264 234)
4(258 259 264 263)
4(234 264 96 60)
4(259 90 96 264)
4(231 236 266 261)
4(260 261 266 265)
4(235 265 266 236)
4(230 260 265 235)
4(232 237 267 262)
4(261 262 267 266)
4(236 266 267 237)
4(233 238 268 263)
4(262 263 268 267)
4(237 267 268 238)
4(234 239 269 264)
4(263 264 269 268)
4(238 268 269 239)
4(264 96 102 269)
4(239 269 102 66)
4(241 246 276 271)
4(245 275 276 246)
4(270 271 276 275)
4(240 241 271 270)
4(240 270 275 245)
4(242 247 277 272)
4(246 276 277 247)
4(271 272 277 276)
4(241 242 272 271)
4(243 248 278 273)
4(247 277 278 248)
4(272 273 278 277)
4(242 243 273 272)
4(244 249 279 274)
4(248 278 279 249)
4(273 274 279 278)
4(243 244 274 273)
4(249 279 114 78)
4(274 108 114 279)
4(244 72 108 274)
4(246 251 281 276)
4(250 280 281 251)
4(275 276 281 280)
4(245 275 280 250)
4(247 252 282 277)
4(251 281 282 252)
4(276 277 282 281)
4(248 253 283 278)
4(252 282 283 253)
4(277 278 283 282)
4(249 254 284 279)
4(253 283 284 254)
4(278 279 284 283)
4(254 284 120 84)
4(279 114 120 284)
4(251 256 286 281)
4(255 285 286 256)
4(280 281 286 285)
4(250 280 285 255)
4(252 257 287 282)
4(256 286 287 257)
4(281 282 287 286)
4(253 258 288 283)
4(257 287 288 258)
4(282 283 288 287)
4(254 259 289 284)
4(258 288 289 259)
4(283 284 289 288)
4(259 289 126 90)
4(284 120 126 289)
4(256 261 291 286)
4(260 290 291 261)
4(285 286 291 290)
4(255 285 290 260)
4(257 262 292 287)
4(261 291 292 262)
4(286 287 292 291)
4(258 263 293 288)
4(262 292 293 263)
4(287 288 293 292)
4(259 264 294 289)
4(263 293 294 264)
4(288 289 294 293)
4(264 294 132 96)
4(289 126 132 294)
4(261 266 296 291)
4(290 291 296 295)
4(265 295 296 266)
4(260 290 295 265)
4(262 267 297 292)
4(291 292 297 296)
4(266 296 297 267)
4(263 268 298 293)
4(292 293 298 297)
4(267 297 298 268)
4(264 269 299 294)
4(293 294 299 298)
4(268 298 299 269)
4(294 132 138 299)
4(269 299 138 102)
4(271 276 306 301)
4(275 305 306 276)
4(270 271 301 300)
4(270 300 305 275)
4(272 277 307 302)
4(276 306 307 277)
4(271 272 302 301)
4(273 278 308 303)
4(277 307 308 278)
4(272 273 303 302)
4(274 279 309 304)
4(278 308 309 279)
4(273 274 304 303)
4(279 309 150 114)
4(274 108 144 304)
4(276 281 311 306)
4(280 310 311 281)
4(275 305 310 280)
4(277 282 312 307)
4(281 311 312 282)
4(278 283 313 308)
4(282 312 313 283)
4(279 284 314 309)
4(283 313 314 284)
4(284 314 156 120)
4(281 286 316 311)
4(285 315 316 286)
4(280 310 315 285)
4(282 287 317 312)
4(286 316 317 287)
4(283 288 318 313)
4(287 317 318 288)
4(284 289 319 314)
4(288 318 319 289)
4(289 319 162 126)
4(286 291 321 316)
4(290 320 321 291)
4(285 315 320 290)
4(287 292 322 317)
4(291 321 322 292)
4(288 293 323 318)
4(292 322 323 293)
4(289 294 324 319)
4(293 323 324 294)
4(294 324 168 132)
4(291 296 326 321)
4(295 325 326 296)
4(290 320 325 295)
4(292 297 327 322)
4(296 326 327 297)
4(293 298 328 323)
4(297 327 328 298)
4(294 299 329 324)
4(298 328 329 299)
4(299 329 174 138)
4(331 337 367 361)
4(336 366 367 337)
4(360 361 367 366)
4(330 360 366 336)
4(330 331 361 360)
4(332 338 368 362)
4(337 367 368 338)
4(361 362 368 367)
4(331 332 362 361)
4(333 339 369 363)
4(338 368 369 339)
4(362 363 369 368)
4(332 333 363 362)
4(334 340 370 364)
4(339 369 370 340)
4(363 364 370 369)
4(333 334 364 363)
4(340 370 371 341)
4(364 365 371 370)
4(335 341 371 365)
4(334 335 365 364)
4(337 343 373 367)
4(342 372 373 343)
4(366 367 373 372)
4(336 366 372 342)
4(338 344 374 368)
4(343 373 374 344)
4(367 368 374 373)
4(339 345 375 369)
4(344 374 375 345)
4(368 369 375 374)
4(340 346 376 370)
4(345 375 376 346)
4(369 370 376 375)
4(346 376 377 347)
4(370 371 377 376)
4(341 347 377 371)
4(343 349 379 373)
4(348 378 379 349)
4(372 373 379 378)
4(342 372 378 348)
4(344 350 380 374)
4(349 379 380 350)
4(373 374 380 379)
4(345 351 381 375)
4(350 380 381 351)
4(374 375 381 380)
4(346 352 382 376)
4(351 381 382 352)
4(375 376 382 381)
4(352 382 383 353)
4(376 377 383 382)
4(347 353 383 377)
4(349 355 385 379)
4(354 384 385 355)
4(378 379 385 384)
4(348 378 384 354)
4(350 356 386 380)
4(355 385 386 356)
4(379 380 386 385)
4(351 357 387 381)
4(356 386 387 357)
4(380 381 387 386)
4(352 358 388 382)
4(357 387 388 358)
4(381 382 388 387)
4(358 388 389 359)
4(382 383 389 388)
4(353 359 389 383)
4(355 181 211 385)
4(384 385 211 210)
4(354 384 210 180)
4(356 182 212 386)
4(385 386 212 211)
4(357 183 213 387)
4(386 387 213 212)
4(358 184 214 388)
4(387 388 214 213)
4(388 389 36 214)
4(359 0 36 389)
4(361 367 397 391)
4(366 396 397 367)
4(390 391 397 396)
4(360 390 396 366)
4(360 361 391 390)
4(362 368 398 392)
4(367 397 398 368)
4(391 392 398 397)
4(361 362 392 391)
4(363 369 399 393)
4(368 398 399 369)
4(392 393 399 398)
4(362 363 393 392)
4(364 370 400 394)
4(369 399 400 370)
4(393 394 400 399)
4(363 364 394 393)
4(370 400 401 371)
4(394 395 401 400)
4(365 371 401 395)
4(364 365 395 394)
4(367 373 403 397)
4(372 402 403 373)
4(396 397 403 402)
4(366 396 402 372)
4(368 374 404 398)
4(373 403 404 374)
4(397 398 404 403)
4(369 375 405 399)
4(374 404 405 375)
4(398 399 405 404)
4(370 376 406 400)
4(375 405 406 376)
4(399 400 406 405)
4(376 406 407 377)
4(400 401 407 406)
4(371 377 407 401)
4(373 379 409 403)
4(378 408 409 379)
4(402 403 409 408)
4(372 402 408 378)
4(374 380 410 404)
4(379 409 410 380)
4(403 404 410 409)
4(375 381 411 405)
4(380 410 411 381)
4(404 405 411 410)
4(376 382 412 406)
4(381 411 412 382)
4(405 406 412 411)
4(382 412 413 383)
4(406 407 413 412)
4(377 383 413 407)
4(379 385 415 409)
4(384 414 415 385)
4(408 409 415 414)
4(378 408 414 384)
4(380 386 416 410)
4(385 415 416 386)
4(409 410 416 415)
4(381 387 417 411)
4(386 416 417 387)
4(410 411 417 416)
4(382 388 418 412)
4(387 417 418 388)
4(411 412 418 417)
4(388 418 419 389)
4(412 413 419 418)
4(383 389 419 413)
4(385 211 241 415)
4(414 415 241 240)
4(384 414 240 210)
4(386 212 242 416)
4(415 416 242 241)
4(387 213 243 417)
4(416 417 243 242)
4(388 214 244 418)
4(417 418 244 243)
4(418 419 72 244)
4(389 36 72 419)
4(391 397 427 421)
4(396 426 427 397)
4(420 421 427 426)
4(390 420 426 396)
4(390 391 421 420)
4(392 398 428 422)
4(397 427 428 398)
4(421 422 428 427)
4(391 392 422 421)
4(393 399 429 423)
4(398 428 429 399)
4(422 423 429 428)
4(392 393 423 422)
4(394 400 430 424)
4(399 429 430 400)
4(423 424 430 429)
4(393 394 424 423)
4(400 430 431 401)
4(424 425 431 430)
4(395 401 431 425)
4(394 395 425 424)
4(397 403 433 427)
4(402 432 433 403)
4(426 427 433 432)
4(396 426 432 402)
4(398 404 434 428)
4(403 433 434 404)
4(427 428 434 433)
4(399 405 435 429)
4(404 434 435 405)
4(428 429 435 434)
4(400 406 436 430)
4(405 435 436 406)
4(429 430 436 435)
4(406 436 437 407)
4(430 431 437 436)
4(401 407 437 431)
4(403 409 439 433)
4(408 438 439 409)
4(432 433 439 438)
4(402 432 438 408)
4(404 410 440 434)
4(409 439 440 410)
4(433 434 440 439)
4(405 411 441 435)
4(410 440 441 411)
4(434 435 441 440)
4(406 412 442 436)
4(411 441 442 412)
4(435 436 442 441)
4(412 442 443 413)
4(436 437 443 442)
4(407 413 443 437)
4(409 415 445 439)
4(414 444 445 415)
4(438 439 445 444)
4(408 438 444 414)
4(410 416 446 440)
4(415 445 446 416)
4(439 440 446 445)
4(411 417 447 441)
4(416 446 447 417)
4(440 441 447 446)
4(412 418 448 442)
4(417 447 448 418)
4(441 442 448 447)
4(418 448 449 419)
4(442 443 449 448)
4(413 419 449 443)
4(415 241 271 445)
4(444 445 271 270)
4(414 444 270 240)
4(416 242 272 446)
4(445 446 272 271)
4(417 243 273 447)
4(446 447 273 272)
4(418 244 274 448)
4(447 448 274 273)
4(448 449 108 274)
4(419 72 108 449)
4(421 427 457 451)
4(426 456 457 427)
4(420 450 456 426)
4(420 421 451 450)
4(422 428 458 452)
4(427 457 458 428)
4(421 422 452 451)
4(423 429 459 453)
4(428 458 459 429)
4(422 423 453 452)
4(424 430 460 454)
4(429 459 460 430)
4(423 424 454 453)
4(430 460 461 431)
4(425 431 461 455)
4(424 425 455 454)
4(427 433 463 457)
4(432 462 463 433)
4(426 456 462 432)
4(428 434 464 458)
4(433 463 464 434)
4(429 435 465 459)
4(434 464 465 435)
4(430 436 466 460)
4(435 465 466 436)
4(436 466 467 437)
4(431 437 467 461)
4(433 439 469 463)
4(438 468 469 439)
4(432 462 468 438)
4(434 440 470 464)
4(439 469 470 440)
4(435 441 471 465)
4(440 470 471 441)
4(436 442 472 466)
4(441 471 472 442)
4(442 472 473 443)
4(437 443 473 467)
4(439 445 475 469)
4(444 474 475 445)
4(438 468 474 444)
4(440 446 476 470)
4(445 475 476 446)
4(441 447 477 471)
4(446 476 477 447)
4(442 448 478 472)
4(447 477 478 448)
4(448 478 479 449)
4(443 449 479 473)
4(445 271 301 475)
4(444 474 300 270)
4(446 272 302 476)
4(447 273 303 477)
4(448 274 304 478)
4(449 108 144 479)
4(480 485 510 505)
4(341 371 510 485)
4(365 505 510 371)
4(335 480 505 365)
4(481 486 511 506)
4(485 510 511 486)
4(505 506 511 510)
4(480 481 506 505)
4(482 487 512 507)
4(486 511 512 487)
4(506 507 512 511)
4(481 482 507 506)
4(483 488 513 508)
4(487 512 513 488)
4(507 508 513 512)
4(482 483 508 507)
4(488 513 514 489)
4(508 509 514 513)
4(483 484 509 508)
4(484 489 514 509)
4(485 490 515 510)
4(347 377 515 490)
4(371 510 515 377)
4(486 491 516 511)
4(490 515 516 491)
4(510 511 516 515)
4(487 492 517 512)
4(491 516 517 492)
4(511 512 517 516)
4(488 493 518 513)
4(492 517 518 493)
4(512 513 518 517)
4(493 518 519 494)
4(513 514 519 518)
4(489 494 519 514)
4(490 495 520 515)
4(353 383 520 495)
4(377 515 520 383)
4(491 496 521 516)
4(495 520 521 496)
4(515 516 521 520)
4(492 497 522 517)
4(496 521 522 497)
4(516 517 522 521)
4(493 498 523 518)
4(497 522 523 498)
4(517 518 523 522)
4(498 523 524 499)
4(518 519 524 523)
4(494 499 524 519)
4(495 500 525 520)
4(359 389 525 500)
4(383 520 525 389)
4(496 501 526 521)
4(500 525 526 501)
4(520 521 526 525)
4(497 502 527 522)
4(501 526 527 502)
4(521 522 527 526)
4(498 503 528 523)
4(502 527 528 503)
4(522 523 528 527)
4(503 528 529 504)
4(523 524 529 528)
4(499 504 529 524)
4(500 1 37 525)
4(389 525 37 36)
4(501 2 38 526)
4(525 526 38 37)
4(502 3 39 527)
4(526 527 39 38)
4(503 4 40 528)
4(527 528 40 39)
4(528 529 41 40)
4(504 5 41 529)
4(505 510 535 530)
4(371 401 535 510)
4(395 530 535 401)
4(365 505 530 395)
4(506 511 536 531)
4(510 535 536 511)
4(530 531 536 535)
4(505 506 531 530)
4(507 512 537 532)
4(511 536 537 512)
4(531 532 537 536)
4(506 507 532 531)
4(508 513 538 533)
4(512 537 538 513)
4(532 533 538 537)
4(507 508 533 532)
4(513 538 539 514)
4(533 534 539 538)
4(508 509 534 533)
4(509 514 539 534)
4(510 515 540 535)
4(377 407 540 515)
4(401 535 540 407)
4(511 516 541 536)
4(515 540 541 516)
4(535 536 541 540)
4(512 517 542 537)
4(516 541 542 517)
4(536 537 542 541)
4(513 518 543 538)
4(517 542 543 518)
4(537 538 543 542)
4(518 543 544 519)
4(538 539 544 543)
4(514 519 544 539)
4(515 520 545 540)
4(383 413 545 520)
4(407 540 545 413)
4(516 521 546 541)
4(520 545 546 521)
4(540 541 546 545)
4(517 522 547 542)
4(521 546 547 522)
4(541 542 547 546)
4(518 523 548 543)
4(522 547 548 523)
4(542 543 548 547)
4(523 548 549 524)
4(543 544 549 548)
4(519 524 549 544)
4(520 525 550 545)
4(389 419 550 525)
4(413 545 550 419)
4(521 526 551 546)
4(525 550 551 526)
4(545 546 551 550)
4(522 527 552 547)
4(526 551 552 527)
4(546 547 552 551)
4(523 528 553 548)
4(527 552 553 528)
4(547 548 553 552)
4(528 553 554 529)
4(548 549 554 553)
4(524 529 554 549)
4(525 37 73 550)
4(419 550 73 72)
4(526 38 74 551)
4(550 551 74 73)
4(527 39 75 552)
4(551 552 75 74)
4(528 40 76 553)
4(552 553 76 75)
4(553 554 77 76)
4(529 41 77 554)
4(530 535 560 555)
4(401 431 560 535)
4(425 555 560 431)
4(395 530 555 425)
4(531 536 561 556)
4(535 560 561 536)
4(555 556 561 560)
4(530 531 556 555)
4(532 537 562 557)
4(536 561 562 537)
4(556 557 562 561)
4(531 532 557 556)
4(533 538 563 558)
4(537 562 563 538)
4(557 558 563 562)
4(532 533 558 557)
4(538 563 564 539)
4(558 559 564 563)
4(533 534 559 558)
4(534 539 564 559)
4(535 540 565 560)
4(407 437 565 540)
4(431 560 565 437)
4(536 541 566 561)
4(540 565 566 541)
4(560 561 566 565)
4(537 542 567 562)
4(541 566 567 542)
4(561 562 567 566)
4(538 543 568 563)
4(542 567 568 543)
4(562 563 568 567)
4(543 568 569 544)
4(563 564 569 568)
4(539 544 569 564)
4(540 545 570 565)
4(413 443 570 545)
4(437 565 570 443)
4(541 546 571 566)
4(545 570 571 546)
4(565 566 571 570)
4(542 547 572 567)
4(546 571 572 547)
4(566 567 572 571)
4(543 548 573 568)
4(547 572 573 548)
4(567 568 573 572)
4(548 573 574 549)
4(568 569 574 573)
4(544 549 574 569)
4(545 550 575 570)
4(419 449 575 550)
4(443 570 575 449)
4(546 551 576 571)
4(550 575 576 551)
4(570 571 576 575)
4(547 552 577 572)
4(551 576 577 552)
4(571 572 577 576)
4(548 553 578 573)
4(552 577 578 553)
4(572 573 578 577)
4(553 578 579 554)
4(573 574 579 578)
4(549 554 579 574)
4(550 73 109 575)
4(449 575 109 108)
4(551 74 110 576)
4(575 576 110 109)
4(552 75 111 577)
4(576 577 111 110)
4(553 76 112 578)
4(577 578 112 111)
4(578 579 113 112)
4(554 77 113 579)
4(555 560 585 580)
4(431 461 585 560)
4(425 555 580 455)
4(556 561 586 581)
4(560 585 586 561)
4(555 556 581 580)
4(557 562 587 582)
4(561 586 587 562)
4(556 557 582 581)
4(558 563 588 583)
4(562 587 588 563)
4(557 558 583 582)
4(563 588 589 564)
4(558 559 584 583)
4(559 564 589 584)
4(560 565 590 585)
4(437 467 590 565)
4(561 566 591 586)
4(565 590 591 566)
4(562 567 592 587)
4(566 591 592 567)
4(563 568 593 588)
4(567 592 593 568)
4(568 593 594 569)
4(564 569 594 589)
4(565 570 595 590)
4(443 473 595 570)
4(566 571 596 591)
4(570 595 596 571)
4(567 572 597 592)
4(571 596 597 572)
4(568 573 598 593)
4(572 597 598 573)
4(573 598 599 574)
4(569 574 599 594)
4(570 575 600 595)
4(449 479 600 575)
4(571 576 601 596)
4(575 600 601 576)
4(572 577 602 597)
4(576 601 602 577)
4(573 578 603 598)
4(577 602 603 578)
4(578 603 604 579)
4(574 579 604 599)
4(575 109 145 600)
4(576 110 146 601)
4(577 111 147 602)
4(578 112 148 603)
4(579 113 149 604)
4(605 610 640 635)
4(11 47 640 610)
4(41 635 640 47)
4(5 605 635 41)
4(606 611 641 636)
4(610 640 641 611)
4(635 636 641 640)
4(605 606 636 635)
4(607 612 642 637)
4(611 641 642 612)
4(636 637 642 641)
4(606 607 637 636)
4(608 613 643 638)
4(612 642 643 613)
4(637 638 643 642)
4(607 608 638 637)
4(613 643 644 614)
4(638 639 644 643)
4(608 609 639 638)
4(610 615 645 640)
4(17 53 645 615)
4(47 640 645 53)
4(611 616 646 641)
4(615 645 646 616)
4(640 641 646 645)
4(612 617 647 642)
4(616 646 647 617)
4(641 642 647 646)
4(613 618 648 643)
4(617 647 648 618)
4(642 643 648 647)
4(618 648 649 619)
4(643 644 649 648)
4(615 620 650 645)
4(23 59 650 620)
4(53 645 650 59)
4(616 621 651 646)
4(620 650 651 621)
4(645 646 651 650)
4(617 622 652 647)
4(621 651 652 622)
4(646 647 652 651)
4(618 623 653 648)
4(622 652 653 623)
4(647 648 653 652)
4(623 653 654 624)
4(648 649 654 653)
4(620 625 655 650)
4(29 65 655 625)
4(59 650 655 65)
4(621 626 656 651)
4(625 655 656 626)
4(650 651 656 655)
4(622 627 657 652)
4(626 656 657 627)
4(651 652 657 656)
4(623 628 658 653)
4(627 657 658 628)
4(652 653 658 657)
4(628 658 659 629)
4(653 654 659 658)
4(625 630 660 655)
4(65 655 660 71)
4(35 71 660 630)
4(626 631 661 656)
4(655 656 661 660)
4(630 660 661 631)
4(627 632 662 657)
4(656 657 662 661)
4(631 661 662 632)
4(628 633 663 658)
4(657 658 663 662)
4(632 662 663 633)
4(658 659 664 663)
4(633 663 664 634)
4(635 640 670 665)
4(47 83 670 640)
4(77 665 670 83)
4(41 635 665 77)
4(636 641 671 666)
4(640 670 671 641)
4(665 666 671 670)
4(635 636 666 665)
4(637 642 672 667)
4(641 671 672 642)
4(666 667 672 671)
4(636 637 667 666)
4(638 643 673 668)
4(642 672 673 643)
4(667 668 673 672)
4(637 638 668 667)
4(643 673 674 644)
4(668 669 674 673)
4(638 639 669 668)
4(640 645 675 670)
4(53 89 675 645)
4(83 670 675 89)
4(641 646 676 671)
4(645 675 676 646)
4(670 671 676 675)
4(642 647 677 672)
4(646 676 677 647)
4(671 672 677 676)
4(643 648 678 673)
4(647 677 678 648)
4(672 673 678 677)
4(648 678 679 649)
4(673 674 679 678)
4(645 650 680 675)
4(59 95 680 650)
4(89 675 680 95)
4(646 651 681 676)
4(650 680 681 651)
4(675 676 681 680)
4(647 652 682 677)
4(651 681 682 652)
4(676 677 682 681)
4(648 653 683 678)
4(652 682 683 653)
4(677 678 683 682)
4(653 683 684 654)
4(678 679 684 683)
4(650 655 685 680)
4(65 101 685 655)
4(95 680 685 101)
4(651 656 686 681)
4(655 685 686 656)
4(680 681 686 685)
4(652 657 687 682)
4(656 686 687 657)
4(681 682 687 686)
4(653 658 688 683)
4(657 687 688 658)
4(682 683 688 687)
4(658 688 689 659)
4(683 684 689 688)
4(655 660 690 685)
4(101 685 690 107)
4(71 107 690 660)
4(656 661 691 686)
4(685 686 691 690)
4(660 690 691 661)
4(657 662 692 687)
4(686 687 692 691)
4(661 691 692 662)
4(658 663 693 688)
4(687 688 693 692)
4(662 692 693 663)
4(688 689 694 693)
4(663 693 694 664)
4(665 670 700 695)
4(83 119 700 670)
4(113 695 700 119)
4(77 665 695 113)
4(666 671 701 696)
4(670 700 701 671)
4(695 696 701 700)
4(665 666 696 695)
4(667 672 702 697)
4(671 701 702 672)
4(696 697 702 701)
4(666 667 697 696)
4(668 673 703 698)
4(672 702 703 673)
4(697 698 703 702)
4(667 668 698 697)
4(673 703 704 674)
4(698 699 704 703)
4(668 669 699 698)
4(670 675 705 700)
4(89 125 705 675)
4(119 700 705 125)
4(671 676 706 701)
4(675 705 706 676)
4(700 701 706 705)
4(672 677 707 702)
4(676 706 707 677)
4(701 702 707 706)
4(673 678 708 703)
4(677 707 708 678)
4(702 703 708 707)
4(678 708 709 679)
4(703 704 709 708)
4(675 680 710 705)
4(95 131 710 680)
4(125 705 710 131)
4(676 681 711 706)
4(680 710 711 681)
4(705 706 711 710)
4(677 682 712 707)
4(681 711 712 682)
4(706 707 712 711)
4(678 683 713 708)
4(682 712 713 683)
4(707 708 713 712)
4(683 713 714 684)
4(708 709 714 713)
4(680 685 715 710)
4(101 137 715 685)
4(131 710 715 137)
4(681 686 716 711)
4(685 715 716 686)
4(710 711 716 715)
4(682 687 717 712)
4(686 716 717 687)
4(711 712 717 716)
4(683 688 718 713)
4(687 717 718 688)
4(712 713 718 717)
4(688 718 719 689)
4(713 714 719 718)
4(685 690 720 715)
4(137 715 720 143)
4(107 143 720 690)
4(686 691 721 716)
4(715 716 721 720)
4(690 720 721 691)
4(687 692 722 717)
4(716 717 722 721)
4(691 721 722 692)
4(688 693 723 718)
4(717 718 723 722)
4(692 722 723 693)
4(718 719 724 723)
4(693 723 724 694)
4(695 700 730 725)
4(119 155 730 700)
4(113 695 725 149)
4(696 701 731 726)
4(700 730 731 701)
4(695 696 726 725)
4(697 702 732 727)
4(701 731 732 702)
4(696 697 727 726)
4(698 703 733 728)
4(702 732 733 703)
4(697 698 728 727)
4(703 733 734 704)
4(698 699 729 728)
4(700 705 735 730)
4(125 161 735 705)
4(701 706 736 731)
4(705 735 736 706)
4(702 707 737 732)
4(706 736 737 707)
4(703 708 738 733)
4(707 737 738 708)
4(708 738 739 709)
4(705 710 740 735)
4(131 167 740 710)
4(706 711 741 736)
4(710 740 741 711)
4(707 712 742 737)
4(711 741 742 712)
4(708 713 743 738)
4(712 742 743 713)
4(713 743 744 714)
4(710 715 745 740)
4(137 173 745 715)
4(711 716 746 741)
4(715 745 746 716)
4(712 717 747 742)
4(716 746 747 717)
4(713 718 748 743)
4(717 747 748 718)
4(718 748 749 719)
4(715 720 750 745)
4(143 179 750 720)
4(716 721 751 746)
4(720 750 751 721)
4(717 722 752 747)
4(721 751 752 722)
4(718 723 753 748)
4(722 752 753 723)
4(723 753 754 724)
4(630 755 780 660)
4(34 70 780 755)
4(71 660 780 70)
4(631 756 781 661)
4(755 780 781 756)
4(660 661 781 780)
4(632 757 782 662)
4(756 781 782 757)
4(661 662 782 781)
4(633 758 783 663)
4(757 782 783 758)
4(662 663 783 782)
4(758 783 784 759)
4(663 664 784 783)
4(755 760 785 780)
4(33 69 785 760)
4(70 780 785 69)
4(756 761 786 781)
4(760 785 786 761)
4(780 781 786 785)
4(757 762 787 782)
4(761 786 787 762)
4(781 782 787 786)
4(758 763 788 783)
4(762 787 788 763)
4(782 783 788 787)
4(763 788 789 764)
4(783 784 789 788)
4(760 765 790 785)
4(32 68 790 765)
4(69 785 790 68)
4(761 766 791 786)
4(765 790 791 766)
4(785 786 791 790)
4(762 767 792 787)
4(766 791 792 767)
4(786 787 792 791)
4(763 768 793 788)
4(767 792 793 768)
4(787 788 793 792)
4(768 793 794 769)
4(788 789 794 793)
4(765 770 795 790)
4(31 67 795 770)
4(68 790 795 67)
4(766 771 796 791)
4(770 795 796 771)
4(790 791 796 795)
4(767 772 797 792)
4(771 796 797 772)
4(791 792 797 796)
4(768 773 798 793)
4(772 797 798 773)
4(792 793 798 797)
4(773 798 799 774)
4(793 794 799 798)
4(770 775 800 795)
4(67 795 800 66)
4(30 66 800 775)
4(771 776 801 796)
4(795 796 801 800)
4(775 800 801 776)
4(772 777 802 797)
4(796 797 802 801)
4(776 801 802 777)
4(773 778 803 798)
4(797 798 803 802)
4(777 802 803 778)
4(798 799 804 803)
4(778 803 804 779)
4(660 780 805 690)
4(70 106 805 780)
4(107 690 805 106)
4(661 781 806 691)
4(780 805 806 781)
4(690 691 806 805)
4(662 782 807 692)
4(781 806 807 782)
4(691 692 807 806)
4(663 783 808 693)
4(782 807 808 783)
4(692 693 808 807)
4(783 808 809 784)
4(693 694 809 808)
4(780 785 810 805)
4(69 105 810 785)
4(106 805 810 105)
4(781 786 811 806)
4(785 810 811 786)
4(805 806 811 810)
4(782 787 812 807)
4(786 811 812 787)
4(806 807 812 811)
4(783 788 813 808)
4(787 812 813 788)
4(807 808 813 812)
4(788 813 814 789)
4(808 809 814 813)
4(785 790 815 810)
4(68 104 815 790)
4(105 810 815 104)
4(786 791 816 811)
4(790 815 816 791)
4(810 811 816 815)
4(787 792 817 812)
4(791 816 817 792)
4(811 812 817 816)
4(788 793 818 813)
4(792 817 818 793)
4(812 813 818 817)
4(793 818 819 794)
4(813 814 819 818)
4(790 795 820 815)
4(67 103 820 795)
4(104 815 820 103)
4(791 796 821 816)
4(795 820 821 796)
4(815 816 821 820)
4(792 797 822 817)
4(796 821 822 797)
4(816 817 822 821)
4(793 798 823 818)
4(797 822 823 798)
4(817 818 823 822)
4(798 823 824 799)
4(818 819 824 823)
4(795 800 825 820)
4(103 820 825 102)
4(66 102 825 800)
4(796 801 826 821)
4(820 821 826 825)
4(800 825 826 801)
4(797 802 827 822)
4(821 822 827 826)
4(801 826 827 802)
4(798 803 828 823)
4(822 823 828 827)
4(802 827 828 803)
4(823 824 829 828)
4(803 828 829 804)
4(690 805 830 720)
4(106 142 830 805)
4(143 720 830 142)
4(691 806 831 721)
4(805 830 831 806)
4(720 721 831 830)
4(692 807 832 722)
4(806 831 832 807)
4(721 722 832 831)
4(693 808 833 723)
4(807 832 833 808)
4(722 723 833 832)
4(808 833 834 809)
4(723 724 834 833)
4(805 810 835 830)
4(105 141 835 810)
4(142 830 835 141)
4(806 811 836 831)
4(810 835 836 811)
4(830 831 836 835)
4(807 812 837 832)
4(811 836 837 812)
4(831 832 837 836)
4(808 813 838 833)
4(812 837 838 813)
4(832 833 838 837)
4(813 838 839 814)
4(833 834 839 838)
4(810 815 840 835)
4(104 140 840 815)
4(141 835 840 140)
4(811 816 841 836)
4(815 840 841 816)
4(835 836 841 840)
4(812 817 842 837)
4(816 841 842 817)
4(836 837 842 841)
4(813 818 843 838)
4(817 842 843 818)
4(837 838 843 842)
4(818 843 844 819)
4(838 839 844 843)
4(815 820 845 840)
4(103 139 845 820)
4(140 840 845 139)
4(816 821 846 841)
4(820 845 846 821)
4(840 841 846 845)
4(817 822 847 842)
4(821 846 847 822)
4(841 842 847 846)
4(818 823 848 843)
4(822 847 848 823)
4(842 843 848 847)
4(823 848 849 824)
4(843 844 849 848)
4(820 825 850 845)
4(139 845 850 138)
4(102 138 850 825)
4(821 826 851 846)
4(845 846 851 850)
4(825 850 851 826)
4(822 827 852 847)
4(846 847 852 851)
4(826 851 852 827)
4(823 828 853 848)
4(847 848 853 852)
4(827 852 853 828)
4(848 849 854 853)
4(828 853 854 829)
4(720 830 855 750)
4(142 178 855 830)
4(721 831 856 751)
4(830 855 856 831)
4(722 832 857 752)
4(831 856 857 832)
4(723 833 858 753)
4(832 857 858 833)
4(833 858 859 834)
4(830 835 860 855)
4(141 177 860 835)
4(831 836 861 856)
4(835 860 861 836)
4(832 837 862 857)
4(836 861 862 837)
4(833 838 863 858)
4(837 862 863 838)
4(838 863 864 839)
4(835 840 865 860)
4(140 176 865 840)
4(836 841 866 861)
4(840 865 866 841)
4(837 842 867 862)
4(841 866 867 842)
4(838 843 868 863)
4(842 867 868 843)
4(843 868 869 844)
4(840 845 870 865)
4(139 175 870 845)
4(841 846 871 866)
4(845 870 871 846)
4(842 847 872 867)
4(846 871 872 847)
4(843 848 873 868)
4(847 872 873 848)
4(848 873 874 849)
4(845 850 875 870)
4(138 174 875 850)
4(846 851 876 871)
4(850 875 876 851)
4(847 852 877 872)
4(851 876 877 852)
4(848 853 878 873)
4(852 877 878 853)
4(853 878 879 854)
4(775 880 905 800)
4(209 239 905 880)
4(66 800 905 239)
4(776 881 906 801)
4(880 905 906 881)
4(800 801 906 905)
4(777 882 907 802)
4(881 906 907 882)
4(801 802 907 906)
4(778 883 908 803)
4(882 907 908 883)
4(802 803 908 907)
4(883 908 909 884)
4(803 804 909 908)
4(880 885 910 905)
4(208 238 910 885)
4(239 905 910 238)
4(881 886 911 906)
4(885 910 911 886)
4(905 906 911 910)
4(882 887 912 907)
4(886 911 912 887)
4(906 907 912 911)
4(883 888 913 908)
4(887 912 913 888)
4(907 908 913 912)
4(888 913 914 889)
4(908 909 914 913)
4(885 890 915 910)
4(207 237 915 890)
4(238 910 915 237)
4(886 891 916 911)
4(890 915 916 891)
4(910 911 916 915)
4(887 892 917 912)
4(891 916 917 892)
4(911 912 917 916)
4(888 893 918 913)
4(892 917 918 893)
4(912 913 918 917)
4(893 918 919 894)
4(913 914 919 918)
4(890 895 920 915)
4(206 236 920 895)
4(237 915 920 236)
4(891 896 921 916)
4(895 920 921 896)
4(915 916 921 920)
4(892 897 922 917)
4(896 921 922 897)
4(916 917 922 921)
4(893 898 923 918)
4(897 922 923 898)
4(917 918 923 922)
4(898 923 924 899)
4(918 919 924 923)
4(895 900 925 920)
4(236 920 925 235)
4(205 235 925 900)
4(896 901 926 921)
4(920 921 926 925)
4(900 925 926 901)
4(897 902 927 922)
4(921 922 927 926)
4(901 926 927 902)
4(898 903 928 923)
4(922 923 928 927)
4(902 927 928 903)
4(923 924 929 928)
4(903 928 929 904)
4(800 905 930 825)
4(239 269 930 905)
4(102 825 930 269)
4(801 906 931 826)
4(905 930 931 906)
4(825 826 931 930)
4(802 907 932 827)
4(906 931 932 907)
4(826 827 932 931)
4(803 908 933 828)
4(907 932 933 908)
4(827 828 933 932)
4(908 933 934 909)
4(828 829 934 933)
4(905 910 935 930)
4(238 268 935 910)
4(269 930 935 268)
4(906 911 936 931)
4(910 935 936 911)
4(930 931 936 935)
4(907 912 937 932)
4(911 936 937 912)
4(931 932 937 936)
4(908 913 938 933)
4(912 937 938 913)
4(932 933 938 937)
4(913 938 939 914)
4(933 934 939 938)
4(910 915 940 935)
4(237 267 940 915)
4(268 935 940 267)
4(911 916 941 936)
4(915 940 941 916)
4(935 936 941 940)
4(912 917 942 937)
4(916 941 942 917)
4(936 937 942 941)
4(913 918 943 938)
4(917 942 943 918)
4(937 938 943 942)
4(918 943 944 919)
4(938 939 944 943)
4(915 920 945 940)
4(236 266 945 920)
4(267 940 945 266)
4(916 921 946 941)
4(920 945 946 921)
4(940 941 946 945)
4(917 922 947 942)
4(921 946 947 922)
4(941 942 947 946)
4(918 923 948 943)
4(922 947 948 923)
4(942 943 948 947)
4(923 948 949 924)
4(943 944 949 948)
4(920 925 950 945)
4(266 945 950 265)
4(235 265 950 925)
4(921 926 951 946)
4(945 946 951 950)
4(925 950 951 926)
4(922 927 952 947)
4(946 947 952 951)
4(926 951 952 927)
4(923 928 953 948)
4(947 948 953 952)
4(927 952 953 928)
4(948 949 954 953)
4(928 953 954 929)
4(825 930 955 850)
4(269 299 955 930)
4(138 850 955 299)
4(826 931 956 851)
4(930 955 956 931)
4(850 851 956 955)
4(827 932 957 852)
4(931 956 957 932)
4(851 852 957 956)
4(828 933 958 853)
4(932 957 958 933)
4(852 853 958 957)
4(933 958 959 934)
4(853 854 959 958)
4(930 935 960 955)
4(268 298 960 935)
4(299 955 960 298)
4(931 936 961 956)
4(935 960 961 936)
4(955 956 961 960)
4(932 937 962 957)
4(936 961 962 937)
4(956 957 962 961)
4(933 938 963 958)
4(937 962 963 938)
4(957 958 963 962)
4(938 963 964 939)
4(958 959 964 963)
4(935 940 965 960)
4(267 297 965 940)
4(298 960 965 297)
4(936 941 966 961)
4(940 965 966 941)
4(960 961 966 965)
4(937 942 967 962)
4(941 966 967 942)
4(961 962 967 966)
4(938 943 968 963)
4(942 967 968 943)
4(962 963 968 967)
4(943 968 969 944)
4(963 964 969 968)
4(940 945 970 965)
4(266 296 970 945)
4(297 965 970 296)
4(941 946 971 966)
4(945 970 971 946)
4(965 966 971 970)
4(942 947 972 967)
4(946 971 972 947)
4(966 967 972 971)
4(943 948 973 968)
4(947 972 973 948)
4(967 968 973 972)
4(948 973 974 949)
4(968 969 974 973)
4(945 950 975 970)
4(296 970 975 295)
4(265 295 975 950)
4(946 951 976 971)
4(970 971 976 975)
4(950 975 976 951)
4(947 952 977 972)
4(971 972 977 976)
4(951 976 977 952)
4(948 953 978 973)
4(972 973 978 977)
4(952 977 978 953)
4(973 974 979 978)
4(953 978 979 954)
4(850 955 980 875)
4(299 329 980 955)
4(851 956 981 876)
4(955 980 981 956)
4(852 957 982 877)
4(956 981 982 957)
4(853 958 983 878)
4(957 982 983 958)
4(958 983 984 959)
4(955 960 985 980)
4(298 328 985 960)
4(956 961 986 981)
4(960 985 986 961)
4(957 962 987 982)
4(961 986 987 962)
4(958 963 988 983)
4(962 987 988 963)
4(963 988 989 964)
4(960 965 990 985)
4(297 327 990 965)
4(961 966 991 986)
4(965 990 991 966)
4(962 967 992 987)
4(966 991 992 967)
4(963 968 993 988)
4(967 992 993 968)
4(968 993 994 969)
4(965 970 995 990)
4(296 326 995 970)
4(966 971 996 991)
4(970 995 996 971)
4(967 972 997 992)
4(971 996 997 972)
4(968 973 998 993)
4(972 997 998 973)
4(973 998 999 974)
4(970 975 1000 995)
4(295 325 1000 975)
4(971 976 1001 996)
4(975 1000 1001 976)
4(972 977 1002 997)
4(976 1001 1002 977)
4(973 978 1003 998)
4(977 1002 1003 978)
4(978 1003 1004 979)
4(900 1005 1030 925)
4(200 230 1030 1005)
4(235 925 1030 230)
4(901 1006 1031 926)
4(1005 1030 1031 1006)
4(925 926 1031 1030)
4(902 1007 1032 927)
4(1006 1031 1032 1007)
4(926 927 1032 1031)
4(903 1008 1033 928)
4(1007 1032 1033 1008)
4(927 928 1033 1032)
4(1008 1033 1034 1009)
4(928 929 1034 1033)
4(1005 1010 1035 1030)
4(195 225 1035 1010)
4(230 1030 1035 225)
4(1006 1011 1036 1031)
4(1010 1035 1036 1011)
4(1030 1031 1036 1035)
4(1007 1012 1037 1032)
4(1011 1036 1037 1012)
4(1031 1032 1037 1036)
4(1008 1013 1038 1033)
4(1012 1037 1038 1013)
4(1032 1033 1038 1037)
4(1013 1038 1039 1014)
4(1033 1034 1039 1038)
4(1010 1015 1040 1035)
4(190 220 1040 1015)
4(225 1035 1040 220)
4(1011 1016 1041 1036)
4(1015 1040 1041 1016)
4(1035 1036 1041 1040)
4(1012 1017 1042 1037)
4(1016 1041 1042 1017)
4(1036 1037 1042 1041)
4(1013 1018 1043 1038)
4(1017 1042 1043 1018)
4(1037 1038 1043 1042)
4(1018 1043 1044 1019)
4(1038 1039 1044 1043)
4(1015 1020 1045 1040)
4(185 215 1045 1020)
4(220 1040 1045 215)
4(1016 1021 1046 1041)
4(1020 1045 1046 1021)
4(1040 1041 1046 1045)
4(1017 1022 1047 1042)
4(1021 1046 1047 1022)
4(1041 1042 1047 1046)
4(1018 1023 1048 1043)
4(1022 1047 1048 1023)
4(1042 1043 1048 1047)
4(1023 1048 1049 1024)
4(1043 1044 1049 1048)
4(1020 1025 1050 1045)
4(215 1045 1050 210)
4(180 210 1050 1025)
4(1021 1026 1051 1046)
4(1045 1046 1051 1050)
4(1025 1050 1051 1026)
4(1022 1027 1052 1047)
4(1046 1047 1052 1051)
4(1026 1051 1052 1027)
4(1023 1028 1053 1048)
4(1047 1048 1053 1052)
4(1027 1052 1053 1028)
4(1048 1049 1054 1053)
4(1028 1053 1054 1029)
4(925 1030 1055 950)
4(230 260 1055 1030)
4(265 950 1055 260)
4(926 1031 1056 951)
4(1030 1055 1056 1031)
4(950 951 1056 1055)
4(927 1032 1057 952)
4(1031 1056 1057 1032)
4(951 952 1057 1056)
4(928 1033 1058 953)
4(1032 1057 1058 1033)
4(952 953 1058 1057)
4(1033 1058 1059 1034)
4(953 954 1059 1058)
4(1030 1035 1060 1055)
4(225 255 1060 1035)
4(260 1055 1060 255)
4(1031 1036 1061 1056)
4(1035 1060 1061 1036)
4(1055 1056 1061 1060)
4(1032 1037 1062 1057)
4(1036 1061 1062 1037)
4(1056 1057 1062 1061)
4(1033 1038 1063 1058)
4(1037 1062 1063 1038)
4(1057 1058 1063 1062)
4(1038 1063 1064 1039)
4(1058 1059 1064 1063)
4(1035 1040 1065 1060)
4(220 250 1065 1040)
4(255 1060 1065 250)
4(1036 1041 1066 1061)
4(1040 1065 1066 1041)
4(1060 1061 1066 1065)
4(1037 1042 1067 1062)
4(1041 1066 1067 1042)
4(1061 1062 1067 1066)
4(1038 1043 1068 1063)
4(1042 1067 1068 1043)
4(1062 1063 1068 1067)
4(1043 1068 1069 1044)
4(1063 1064 1069 1068)
4(1040 1045 1070 1065)
4(215 245 1070 1045)
4(250 1065 1070 245)
4(1041 1046 1071 1066)
4(1045 1070 1071 1046)
4(1065 1066 1071 1070)
4(1042 1047 1072 1067)
4(1046 1071 1072 1047)
4(1066 1067 1072 1071)
4(1043 1048 1073 1068)
4(1047 1072 1073 1048)
4(1067 1068 1073 1072)
4(1048 1073 1074 1049)
4(1068 1069 1074 1073)
4(1045 1050 1075 1070)
4(245 1070 1075 240)
4(210 240 1075 1050)
4(1046 1051 1076 1071)
4(1070 1071 1076 1075)
4(1050 1075 1076 1051)
4(1047 1052 1077 1072)
4(1071 1072 1077 1076)
4(1051 1076 1077 1052)
4(1048 1053 1078 1073)
4(1072 1073 1078 1077)
4(1052 1077 1078 1053)
4(1073 1074 1079 1078)
4(1053 1078 1079 1054)
4(950 1055 1080 975)
4(260 290 1080 1055)
4(295 975 1080 290)
4(951 1056 1081 976)
4(1055 1080 1081 1056)
4(975 976 1081 1080)
4(952 1057 1082 977)
4(1056 1081 1082 1057)
4(976 977 1082 1081)
4(953 1058 1083 978)
4(1057 1082 1083 1058)
4(977 978 1083 1082)
4(1058 1083 1084 1059)
4(978 979 1084 1083)
4(1055 1060 1085 1080)
4(255 285 1085 1060)
4(290 1080 1085 285)
4(1056 1061 1086 1081)
4(1060 1085 1086 1061)
4(1080 1081 1086 1085)
4(1057 1062 1087 1082)
4(1061 1086 1087 1062)
4(1081 1082 1087 1086)
4(1058 1063 1088 1083)
4(1062 1087 1088 1063)
4(1082 1083 1088 1087)
4(1063 1088 1089 1064)
4(1083 1084 1089 1088)
4(1060 1065 1090 1085)
4(250 280 1090 1065)
4(285 1085 1090 280)
4(1061 1066 1091 1086)
4(1065 1090 1091 1066)
4(1085 1086 1091 1090)
4(1062 1067 1092 1087)
4(1066 1091 1092 1067)
4(1086 1087 1092 1091)
4(1063 1068 1093 1088)
4(1067 1092 1093 1068)
4(1087 1088 1093 1092)
4(1068 1093 1094 1069)
4(1088 1089 1094 1093)
4(1065 1070 1095 1090)
4(245 275 1095 1070)
4(280 1090 1095 275)
4(1066 1071 1096 1091)
4(1070 1095 1096 1071)
4(1090 1091 1096 1095)
4(1067 1072 1097 1092)
4(1071 1096 1097 1072)
4(1091 1092 1097 1096)
4(1068 1073 1098 1093)
4(1072 1097 1098 1073)
4(1092 1093 1098 1097)
4(1073 1098 1099 1074)
4(1093 1094 1099 1098)
4(1070 1075 1100 1095)
4(275 1095 1100 270)
4(240 270 1100 1075)
4(1071 1076 1101 1096)
4(1095 1096 1101 1100)
4(1075 1100 1101 1076)
4(1072 1077 1102 1097)
4(1096 1097 1102 1101)
4(1076 1101 1102 1077)
4(1073 1078 1103 1098)
4(1097 1098 1103 1102)
4(1077 1102 1103 1078)
4(1098 1099 1104 1103)
4(1078 1103 1104 1079)
4(975 1080 1105 1000)
4(290 320 1105 1080)
4(976 1081 1106 1001)
4(1080 1105 1106 1081)
4(977 1082 1107 1002)
4(1081 1106 1107 1082)
4(978 1083 1108 1003)
4(1082 1107 1108 1083)
4(1083 1108 1109 1084)
4(1080 1085 1110 1105)
4(285 315 1110 1085)
4(1081 1086 1111 1106)
4(1085 1110 1111 1086)
4(1082 1087 1112 1107)
4(1086 1111 1112 1087)
4(1083 1088 1113 1108)
4(1087 1112 1113 1088)
4(1088 1113 1114 1089)
4(1085 1090 1115 1110)
4(280 310 1115 1090)
4(1086 1091 1116 1111)
4(1090 1115 1116 1091)
4(1087 1092 1117 1112)
4(1091 1116 1117 1092)
4(1088 1093 1118 1113)
4(1092 1117 1118 1093)
4(1093 1118 1119 1094)
4(1090 1095 1120 1115)
4(275 305 1120 1095)
4(1091 1096 1121 1116)
4(1095 1120 1121 1096)
4(1092 1097 1122 1117)
4(1096 1121 1122 1097)
4(1093 1098 1123 1118)
4(1097 1122 1123 1098)
4(1098 1123 1124 1099)
4(1095 1100 1125 1120)
4(270 300 1125 1100)
4(1096 1101 1126 1121)
4(1100 1125 1126 1101)
4(1097 1102 1127 1122)
4(1101 1126 1127 1102)
4(1098 1103 1128 1123)
4(1102 1127 1128 1103)
4(1103 1128 1129 1104)
4(1025 1130 1155 1050)
4(354 384 1155 1130)
4(210 1050 1155 384)
4(1026 1131 1156 1051)
4(1130 1155 1156 1131)
4(1050 1051 1156 1155)
4(1027 1132 1157 1052)
4(1131 1156 1157 1132)
4(1051 1052 1157 1156)
4(1028 1133 1158 1053)
4(1132 1157 1158 1133)
4(1052 1053 1158 1157)
4(1133 1158 1159 1134)
4(1053 1054 1159 1158)
4(1130 1135 1160 1155)
4(348 378 1160 1135)
4(384 1155 1160 378)
4(1131 1136 1161 1156)
4(1135 1160 1161 1136)
4(1155 1156 1161 1160)
4(1132 1137 1162 1157)
4(1136 1161 1162 1137)
4(1156 1157 1162 1161)
4(1133 1138 1163 1158)
4(1137 1162 1163 1138)
4(1157 1158 1163 1162)
4(1138 1163 1164 1139)
4(1158 1159 1164 1163)
4(1135 1140 1165 1160)
4(342 372 1165 1140)
4(378 1160 1165 372)
4(1136 1141 1166 1161)
4(1140 1165 1166 1141)
4(1160 1161 1166 1165)
4(1137 1142 1167 1162)
4(1141 1166 1167 1142)
4(1161 1162 1167 1166)
4(1138 1143 1168 1163)
4(1142 1167 1168 1143)
4(1162 1163 1168 1167)
4(1143 1168 1169 1144)
4(1163 1164 1169 1168)
4(1140 1145 1170 1165)
4(336 366 1170 1145)
4(372 1165 1170 366)
4(1141 1146 1171 1166)
4(1145 1170 1171 1146)
4(1165 1166 1171 1170)
4(1142 1147 1172 1167)
4(1146 1171 1172 1147)
4(1166 1167 1172 1171)
4(1143 1148 1173 1168)
4(1147 1172 1173 1148)
4(1167 1168 1173 1172)
4(1148 1173 1174 1149)
4(1168 1169 1174 1173)
4(1145 1150 1175 1170)
4(366 1170 1175 360)
4(330 360 1175 1150)
4(1146 1151 1176 1171)
4(1170 1171 1176 1175)
4(1150 1175 1176 1151)
4(1147 1152 1177 1172)
4(1171 1172 1177 1176)
4(1151 1176 1177 1152)
4(1148 1153 1178 1173)
4(1172 1173 1178 1177)
4(1152 1177 1178 1153)
4(1173 1174 1179 1178)
4(1153 1178 1179 1154)
4(1050 1155 1180 1075)
4(384 414 1180 1155)
4(240 1075 1180 414)
4(1051 1156 1181 1076)
4(1155 1180 1181 1156)
4(1075 1076 1181 1180)
4(1052 1157 1182 1077)
4(1156 1181 1182 1157)
4(1076 1077 1182 1181)
4(1053 1158 1183 1078)
4(1157 1182 1183 1158)
4(1077 1078 1183 1182)
4(1158 1183 1184 1159)
4(1078 1079 1184 1183)
4(1155 1160 1185 1180)
4(378 408 1185 1160)
4(414 1180 1185 408)
4(1156 1161 1186 1181)
4(1160 1185 1186 1161)
4(1180 1181 1186 1185)
4(1157 1162 1187 1182)
4(1161 1186 1187 1162)
4(1181 1182 1187 1186)
4(1158 1163 1188 1183)
4(1162 1187 1188 1163)
4(1182 1183 1188 1187)
4(1163 1188 1189 1164)
4(1183 1184 1189 1188)
4(1160 1165 1190 1185)
4(372 402 1190 1165)
4(408 1185 1190 402)
4(1161 1166 1191 1186)
4(1165 1190 1191 1166)
4(1185 1186 1191 1190)
4(1162 1167 1192 1187)
4(1166 1191 1192 1167)
4(1186 1187 1192 1191)
4(1163 1168 1193 1188)
4(1167 1192 1193 1168)
4(1187 1188 1193 1192)
4(1168 1193 1194 1169)
4(1188 1189 1194 1193)
4(1165 1170 1195 1190)
4(366 396 1195 1170)
4(402 1190 1195 396)
4(1166 1171 1196 1191)
4(1170 1195 1196 1171)
4(1190 1191 1196 1195)
4(1167 1172 1197 1192)
4(1171 1196 1197 1172)
4(1191 1192 1197 1196)
4(1168 1173 1198 1193)
4(1172 1197 1198 1173)
4(1192 1193 1198 1197)
4(1173 1198 1199 1174)
4(1193 1194 1199 1198)
4(1170 1175 1200 1195)
4(396 1195 1200 390)
4(360 390 1200 1175)
4(1171 1176 1201 1196)
4(1195 1196 1201 1200)
4(1175 1200 1201 1176)
4(1172 1177 1202 1197)
4(1196 1197 1202 1201)
4(1176 1201 1202 1177)
4(1173 1178 1203 1198)
4(1197 1198 1203 1202)
4(1177 1202 1203 1178)
4(1198 1199 1204 1203)
4(1178 1203 1204 1179)
4(1075 1180 1205 1100)
4(414 444 1205 1180)
4(270 1100 1205 444)
4(1076 1181 1206 1101)
4(1180 1205 1206 1181)
4(1100 1101 1206 1205)
4(1077 1182 1207 1102)
4(1181 1206 1207 1182)
4(1101 1102 1207 1206)
4(1078 1183 1208 1103)
4(1182 1207 1208 1183)
4(1102 1103 1208 1207)
4(1183 1208 1209 1184)
4(1103 1104 1209 1208)
4(1180 1185 1210 1205)
4(408 438 1210 1185)
4(444 1205 1210 438)
4(1181 1186 1211 1206)
4(1185 1210 1211 1186)
4(1205 1206 1211 1210)
4(1182 1187 1212 1207)
4(1186 1211 1212 1187)
4(1206 1207 1212 1211)
4(1183 1188 1213 1208)
4(1187 1212 1213 1188)
4(1207 1208 1213 1212)
4(1188 1213 1214 1189)
4(1208 1209 1214 1213)
4(1185 1190 1215 1210)
4(402 432 1215 1190)
4(438 1210 1215 432)
4(1186 1191 1216 1211)
4(1190 1215 1216 1191)
4(1210 1211 1216 1215)
4(1187 1192 1217 1212)
4(1191 1216 1217 1192)
4(1211 1212 1217 1216)
4(1188 1193 1218 1213)
4(1192 1217 1218 1193)
4(1212 1213 1218 1217)
4(1193 1218 1219 1194)
4(1213 1214 1219 1218)
4(1190 1195 1220 1215)
4(396 426 1220 1195)
4(432 1215 1220 426)
4(1191 1196 1221 1216)
4(1195 1220 1221 1196)
4(1215 1216 1221 1220)
4(1192 1197 1222 1217)
4(1196 1221 1222 1197)
4(1216 1217 1222 1221)
4(1193 1198 1223 1218)
4(1197 1222 1223 1198)
4(1217 1218 1223 1222)
4(1198 1223 1224 1199)
4(1218 1219 1224 1223)
4(1195 1200 1225 1220)
4(426 1220 1225 420)
4(390 420 1225 1200)
4(1196 1201 1226 1221)
4(1220 1221 1226 1225)
4(1200 1225 1226 1201)
4(1197 1202 1227 1222)
4(1221 1222 1227 1226)
4(1201 1226 1227 1202)
4(1198 1203 1228 1223)
4(1222 1223 1228 1227)
4(1202 1227 1228 1203)
4(1223 1224 1229 1228)
4(1203 1228 1229 1204)
4(1100 1205 1230 1125)
4(444 474 1230 1205)
4(1101 1206 1231 1126)
4(1205 1230 1231 1206)
4(1102 1207 1232 1127)
4(1206 1231 1232 1207)
4(1103 1208 1233 1128)
4(1207 1232 1233 1208)
4(1208 1233 1234 1209)
4(1205 1210 1235 1230)
4(438 468 1235 1210)
4(1206 1211 1236 1231)
4(1210 1235 1236 1211)
4(1207 1212 1237 1232)
4(1211 1236 1237 1212)
4(1208 1213 1238 1233)
4(1212 1237 1238 1213)
4(1213 1238 1239 1214)
4(1210 1215 1240 1235)
4(432 462 1240 1215)
4(1211 1216 1241 1236)
4(1215 1240 1241 1216)
4(1212 1217 1242 1237)
4(1216 1241 1242 1217)
4(1213 1218 1243 1238)
4(1217 1242 1243 1218)
4(1218 1243 1244 1219)
4(1215 1220 1245 1240)
4(426 456 1245 1220)
4(1216 1221 1246 1241)
4(1220 1245 1246 1221)
4(1217 1222 1247 1242)
4(1221 1246 1247 1222)
4(1218 1223 1248 1243)
4(1222 1247 1248 1223)
4(1223 1248 1249 1224)
4(1220 1225 1250 1245)
4(420 450 1250 1225)
4(1221 1226 1251 1246)
4(1225 1250 1251 1226)
4(1222 1227 1252 1247)
4(1226 1251 1252 1227)
4(1223 1228 1253 1248)
4(1227 1252 1253 1228)
4(1228 1253 1254 1229)
4(1150 1255 1280 1175)
4(331 361 1280 1255)
4(360 1175 1280 361)
4(1151 1256 1281 1176)
4(1255 1280 1281 1256)
4(1175 1176 1281 1280)
4(1152 1257 1282 1177)
4(1256 1281 1282 1257)
4(1176 1177 1282 1281)
4(1153 1258 1283 1178)
4(1257 1282 1283 1258)
4(1177 1178 1283 1282)
4(1258 1283 1284 1259)
4(1178 1179 1284 1283)
4(1255 1260 1285 1280)
4(332 362 1285 1260)
4(361 1280 1285 362)
4(1256 1261 1286 1281)
4(1260 1285 1286 1261)
4(1280 1281 1286 1285)
4(1257 1262 1287 1282)
4(1261 1286 1287 1262)
4(1281 1282 1287 1286)
4(1258 1263 1288 1283)
4(1262 1287 1288 1263)
4(1282 1283 1288 1287)
4(1263 1288 1289 1264)
4(1283 1284 1289 1288)
4(1260 1265 1290 1285)
4(333 363 1290 1265)
4(362 1285 1290 363)
4(1261 1266 1291 1286)
4(1265 1290 1291 1266)
4(1285 1286 1291 1290)
4(1262 1267 1292 1287)
4(1266 1291 1292 1267)
4(1286 1287 1292 1291)
4(1263 1268 1293 1288)
4(1267 1292 1293 1268)
4(1287 1288 1293 1292)
4(1268 1293 1294 1269)
4(1288 1289 1294 1293)
4(1265 1270 1295 1290)
4(334 364 1295 1270)
4(363 1290 1295 364)
4(1266 1271 1296 1291)
4(1270 1295 1296 1271)
4(1290 1291 1296 1295)
4(1267 1272 1297 1292)
4(1271 1296 1297 1272)
4(1291 1292 1297 1296)
4(1268 1273 1298 1293)
4(1272 1297 1298 1273)
4(1292 1293 1298 1297)
4(1273 1298 1299 1274)
4(1293 1294 1299 1298)
4(1270 1275 1300 1295)
4(364 1295 1300 365)
4(335 365 1300 1275)
4(1271 1276 1301 1296)
4(1295 1296 1301 1300)
4(1275 1300 1301 1276)
4(1272 1277 1302 1297)
4(1296 1297 1302 1301)
4(1276 1301 1302 1277)
4(1273 1278 1303 1298)
4(1297 1298 1303 1302)
4(1277 1302 1303 1278)
4(1298 1299 1304 1303)
4(1278 1303 1304 1279)
4(1175 1280 1305 1200)
4(361 391 1305 1280)
4(390 1200 1305 391)
4(1176 1281 1306 1201)
4(1280 1305 1306 1281)
4(1200 1201 1306 1305)
4(1177 1282 1307 1202)
4(1281 1306 1307 1282)
4(1201 1202 1307 1306)
4(1178 1283 1308 1203)
4(1282 1307 1308 1283)
4(1202 1203 1308 1307)
4(1283 1308 1309 1284)
4(1203 1204 1309 1308)
4(1280 1285 1310 1305)
4(362 392 1310 1285)
4(391 1305 1310 392)
4(1281 1286 1311 1306)
4(1285 1310 1311 1286)
4(1305 1306 1311 1310)
4(1282 1287 1312 1307)
4(1286 1311 1312 1287)
4(1306 1307 1312 1311)
4(1283 1288 1313 1308)
4(1287 1312 1313 1288)
4(1307 1308 1313 1312)
4(1288 1313 1314 1289)
4(1308 1309 1314 1313)
4(1285 1290 1315 1310)
4(363 393 1315 1290)
4(392 1310 1315 393)
4(1286 1291 1316 1311)
4(1290 1315 1316 1291)
4(1310 1311 1316 1315)
4(1287 1292 1317 1312)
4(1291 1316 1317 1292)
4(1311 1312 1317 1316)
4(1288 1293 1318 1313)
4(1292 1317 1318 1293)
4(1312 1313 1318 1317)
4(1293 1318 1319 1294)
4(1313 1314 1319 1318)
4(1290 1295 1320 1315)
4(364 394 1320 1295)
4(393 1315 1320 394)
4(1291 1296 1321 1316)
4(1295 1320 1321 1296)
4(1315 1316 1321 1320)
4(1292 1297 1322 1317)
4(1296 1321 1322 1297)
4(1316 1317 1322 1321)
4(1293 1298 1323 1318)
4(1297 1322 1323 1298)
4(1317 1318 1323 1322)
4(1298 1323 1324 1299)
4(1318 1319 1324 1323)
4(1295 1300 1325 1320)
4(394 1320 1325 395)
4(365 395 1325 1300)
4(1296 1301 1326 1321)
4(1320 1321 1326 1325)
4(1300 1325 1326 1301)
4(1297 1302 1327 1322)
4(1321 1322 1327 1326)
4(1301 1326 1327 1302)
4(1298 1303 1328 1323)
4(1322 1323 1328 1327)
4(1302 1327 1328 1303)
4(1323 1324 1329 1328)
4(1303 1328 1329 1304)
4(1200 1305 1330 1225)
4(391 421 1330 1305)
4(420 1225 1330 421)
4(1201 1306 1331 1226)
4(1305 1330 1331 1306)
4(1225 1226 1331 1330)
4(1202 1307 1332 1227)
4(1306 1331 1332 1307)
4(1226 1227 1332 1331)
4(1203 1308 1333 1228)
4(1307 1332 1333 1308)
4(1227 1228 1333 1332)
4(1308 1333 1334 1309)
4(1228 1229 1334 1333)
4(1305 1310 1335 1330)
4(392 422 1335 1310)
4(421 1330 1335 422)
4(1306 1311 1336 1331)
4(1310 1335 1336 1311)
4(1330 1331 1336 1335)
4(1307 1312 1337 1332)
4(1311 1336 1337 1312)
4(1331 1332 1337 1336)
4(1308 1313 1338 1333)
4(1312 1337 1338 1313)
4(1332 1333 1338 1337)
4(1313 1338 1339 1314)
4(1333 1334 1339 1338)
4(1310 1315 1340 1335)
4(393 423 1340 1315)
4(422 1335 1340 423)
4(1311 1316 1341 1336)
4(1315 1340 1341 1316)
4(1335 1336 1341 1340)
4(1312 1317 1342 1337)
4(1316 1341 1342 1317)
4(1336 1337 1342 1341)
4(1313 1318 1343 1338)
4(1317 1342 1343 1318)
4(1337 1338 1343 1342)
4(1318 1343 1344 1319)
4(1338 1339 1344 1343)
4(1315 1320 1345 1340)
4(394 424 1345 1320)
4(423 1340 1345 424)
4(1316 1321 1346 1341)
4(1320 1345 1346 1321)
4(1340 1341 1346 1345)
4(1317 1322 1347 1342)
4(1321 1346 1347 1322)
4(1341 1342 1347 1346)
4(1318 1323 1348 1343)
4(1322 1347 1348 1323)
4(1342 1343 1348 1347)
4(1323 1348 1349 1324)
4(1343 1344 1349 1348)
4(1320 1325 1350 1345)
4(424 1345 1350 425)
4(395 425 1350 1325)
4(1321 1326 1351 1346)
4(1345 1346 1351 1350)
4(1325 1350 1351 1326)
4(1322 1327 1352 1347)
4(1346 1347 1352 1351)
4(1326 1351 1352 1327)
4(1323 1328 1353 1348)
4(1347 1348 1353 1352)
4(1327 1352 1353 1328)
4(1348 1349 1354 1353)
4(1328 1353 1354 1329)
4(1225 1330 1355 1250)
4(421 451 1355 1330)
4(1226 1331 1356 1251)
4(1330 1355 1356 1331)
4(1227 1332 1357 1252)
4(1331 1356 1357 1332)
4(1228 1333 1358 1253)
4(1332 1357 1358 1333)
4(1333 1358 1359 1334)
4(1330 1335 1360 1355)
4(422 452 1360 1335)
4(1331 1336 1361 1356)
4(1335 1360 1361 1336)
4(1332 1337 1362 1357)
4(1336 1361 1362 1337)
4(1333 1338 1363 1358)
4(1337 1362 1363 1338)
4(1338 1363 1364 1339)
4(1335 1340 1365 1360)
4(423 453 1365 1340)
4(1336 1341 1366 1361)
4(1340 1365 1366 1341)
4(1337 1342 1367 1362)
4(1341 1366 1367 1342)
4(1338 1343 1368 1363)
4(1342 1367 1368 1343)
4(1343 1368 1369 1344)
4(1340 1345 1370 1365)
4(424 454 1370 1345)
4(1341 1346 1371 1366)
4(1345 1370 1371 1346)
4(1342 1347 1372 1367)
4(1346 1371 1372 1347)
4(1343 1348 1373 1368)
4(1347 1372 1373 1348)
4(1348 1373 1374 1349)
4(1345 1350 1375 1370)
4(425 455 1375 1350)
4(1346 1351 1376 1371)
4(1350 1375 1376 1351)
4(1347 1352 1377 1372)
4(1351 1376 1377 1352)
4(1348 1353 1378 1373)
4(1352 1377 1378 1353)
4(1353 1378 1379 1354)
4(1275 1380 1405 1300)
4(480 505 1405 1380)
4(365 1300 1405 505)
4(1276 1381 1406 1301)
4(1380 1405 1406 1381)
4(1300 1301 1406 1405)
4(1277 1382 1407 1302)
4(1381 1406 1407 1382)
4(1301 1302 1407 1406)
4(1278 1383 1408 1303)
4(1382 1407 1408 1383)
4(1302 1303 1408 1407)
4(1383 1408 1409 1384)
4(1303 1304 1409 1408)
4(1380 1385 1410 1405)
4(481 506 1410 1385)
4(505 1405 1410 506)
4(1381 1386 1411 1406)
4(1385 1410 1411 1386)
4(1405 1406 1411 1410)
4(1382 1387 1412 1407)
4(1386 1411 1412 1387)
4(1406 1407 1412 1411)
4(1383 1388 1413 1408)
4(1387 1412 1413 1388)
4(1407 1408 1413 1412)
4(1388 1413 1414 1389)
4(1408 1409 1414 1413)
4(1385 1390 1415 1410)
4(482 507 1415 1390)
4(506 1410 1415 507)
4(1386 1391 1416 1411)
4(1390 1415 1416 1391)
4(1410 1411 1416 1415)
4(1387 1392 1417 1412)
4(1391 1416 1417 1392)
4(1411 1412 1417 1416)
4(1388 1393 1418 1413)
4(1392 1417 1418 1393)
4(1412 1413 1418 1417)
4(1393 1418 1419 1394)
4(1413 1414 1419 1418)
4(1390 1395 1420 1415)
4(483 508 1420 1395)
4(507 1415 1420 508)
4(1391 1396 1421 1416)
4(1395 1420 1421 1396)
4(1415 1416 1421 1420)
4(1392 1397 1422 1417)
4(1396 1421 1422 1397)
4(1416 1417 1422 1421)
4(1393 1398 1423 1418)
4(1397 1422 1423 1398)
4(1417 1418 1423 1422)
4(1398 1423 1424 1399)
4(1418 1419 1424 1423)
4(1395 1400 1425 1420)
4(508 1420 1425 509)
4(484 509 1425 1400)
4(1396 1401 1426 1421)
4(1420 1421 1426 1425)
4(1400 1425 1426 1401)
4(1397 1402 1427 1422)
4(1421 1422 1427 1426)
4(1401 1426 1427 1402)
4(1398 1403 1428 1423)
4(1422 1423 1428 1427)
4(1402 1427 1428 1403)
4(1423 1424 1429 1428)
4(1403 1428 1429 1404)
4(1300 1405 1430 1325)
4(505 530 1430 1405)
4(395 1325 1430 530)
4(1301 1406 1431 1326)
4(1405 1430 1431 1406)
4(1325 1326 1431 1430)
4(1302 1407 1432 1327)
4(1406 1431 1432 1407)
4(1326 1327 1432 1431)
4(1303 1408 1433 1328)
4(1407 1432 1433 1408)
4(1327 1328 1433 1432)
4(1408 1433 1434 1409)
4(1328 1329 1434 1433)
4(1405 1410 1435 1430)
4(506 531 1435 1410)
4(530 1430 1435 531)
4(1406 1411 1436 1431)
4(1410 1435 1436 1411)
4(1430 1431 1436 1435)
4(1407 1412 1437 1432)
4(1411 1436 1437 1412)
4(1431 1432 1437 1436)
4(1408 1413 1438 1433)
4(1412 1437 1438 1413)
4(1432 1433 1438 1437)
4(1413 1438 1439 1414)
4(1433 1434 1439 1438)
4(1410 1415 1440 1435)
4(507 532 1440 1415)
4(531 1435 1440 532)
4(1411 1416 1441 1436)
4(1415 1440 1441 1416)
4(1435 1436 1441 1440)
4(1412 1417 1442 1437)
4(1416 1441 1442 1417)
4(1436 1437 1442 1441)
4(1413 1418 1443 1438)
4(1417 1442 1443 1418)
4(1437 1438 1443 1442)
4(1418 1443 1444 1419)
4(1438 1439 1444 1443)
4(1415 1420 1445 1440)
4(508 533 1445 1420)
4(532 1440 1445 533)
4(1416 1421 1446 1441)
4(1420 1445 1446 1421)
4(1440 1441 1446 1445)
4(1417 1422 1447 1442)
4(1421 1446 1447 1422)
4(1441 1442 1447 1446)
4(1418 1423 1448 1443)
4(1422 1447 1448 1423)
4(1442 1443 1448 1447)
4(1423 1448 1449 1424)
4(1443 1444 1449 1448)
4(1420 1425 1450 1445)
4(533 1445 1450 534)
4(509 534 1450 1425)
4(1421 1426 1451 1446)
4(1445 1446 1451 1450)
4(1425 1450 1451 1426)
4(1422 1427 1452 1447)
4(1446 1447 1452 1451)
4(1426 1451 1452 1427)
4(1423 1428 1453 1448)
4(1447 1448 1453 1452)
4(1427 1452 1453 1428)
4(1448 1449 1454 1453)
4(1428 1453 1454 1429)
4(1325 1430 1455 1350)
4(530 555 1455 1430)
4(425 1350 1455 555)
4(1326 1431 1456 1351)
4(1430 1455 1456 1431)
4(1350 1351 1456 1455)
4(1327 1432 1457 1352)
4(1431 1456 1457 1432)
4(1351 1352 1457 1456)
4(1328 1433 1458 1353)
4(1432 1457 1458 1433)
4(1352 1353 1458 1457)
4(1433 1458 1459 1434)
4(1353 1354 1459 1458)
4(1430 1435 1460 1455)
4(531 556 1460 1435)
4(555 1455 1460 556)
4(1431 1436 1461 1456)
4(1435 1460 1461 1436)
4(1455 1456 1461 1460)
4(1432 1437 1462 1457)
4(1436 1461 1462 1437)
4(1456 1457 1462 1461)
4(1433 1438 1463 1458)
4(1437 1462 1463 1438)
4(1457 1458 1463 1462)
4(1438 1463 1464 1439)
4(1458 1459 1464 1463)
4(1435 1440 1465 1460)
4(532 557 1465 1440)
4(556 1460 1465 557)
4(1436 1441 1466 1461)
4(1440 1465 1466 1441)
4(1460 1461 1466 1465)
4(1437 1442 1467 1462)
4(1441 1466 1467 1442)
4(1461 1462 1467 1466)
4(1438 1443 1468 1463)
4(1442 1467 1468 1443)
4(1462 1463 1468 1467)
4(1443 1468 1469 1444)
4(1463 1464 1469 1468)
4(1440 1445 1470 1465)
4(533 558 1470 1445)
4(557 1465 1470 558)
4(1441 1446 1471 1466)
4(1445 1470 1471 1446)
4(1465 1466 1471 1470)
4(1442 1447 1472 1467)
4(1446 1471 1472 1447)
4(1466 1467 1472 1471)
4(1443 1448 1473 1468)
4(1447 1472 1473 1448)
4(1467 1468 1473 1472)
4(1448 1473 1474 1449)
4(1468 1469 1474 1473)
4(1445 1450 1475 1470)
4(558 1470 1475 559)
4(534 559 1475 1450)
4(1446 1451 1476 1471)
4(1470 1471 1476 1475)
4(1450 1475 1476 1451)
4(1447 1452 1477 1472)
4(1471 1472 1477 1476)
4(1451 1476 1477 1452)
4(1448 1453 1478 1473)
4(1472 1473 1478 1477)
4(1452 1477 1478 1453)
4(1473 1474 1479 1478)
4(1453 1478 1479 1454)
4(1350 1455 1480 1375)
4(555 580 1480 1455)
4(1351 1456 1481 1376)
4(1455 1480 1481 1456)
4(1352 1457 1482 1377)
4(1456 1481 1482 1457)
4(1353 1458 1483 1378)
4(1457 1482 1483 1458)
4(1458 1483 1484 1459)
4(1455 1460 1485 1480)
4(556 581 1485 1460)
4(1456 1461 1486 1481)
4(1460 1485 1486 1461)
4(1457 1462 1487 1482)
4(1461 1486 1487 1462)
4(1458 1463 1488 1483)
4(1462 1487 1488 1463)
4(1463 1488 1489 1464)
4(1460 1465 1490 1485)
4(557 582 1490 1465)
4(1461 1466 1491 1486)
4(1465 1490 1491 1466)
4(1462 1467 1492 1487)
4(1466 1491 1492 1467)
4(1463 1468 1493 1488)
4(1467 1492 1493 1468)
4(1468 1493 1494 1469)
4(1465 1470 1495 1490)
4(558 583 1495 1470)
4(1466 1471 1496 1491)
4(1470 1495 1496 1471)
4(1467 1472 1497 1492)
4(1471 1496 1497 1472)
4(1468 1473 1498 1493)
4(1472 1497 1498 1473)
4(1473 1498 1499 1474)
4(1470 1475 1500 1495)
4(559 584 1500 1475)
4(1471 1476 1501 1496)
4(1475 1500 1501 1476)
4(1472 1477 1502 1497)
4(1476 1501 1502 1477)
4(1473 1478 1503 1498)
4(1477 1502 1503 1478)
4(1478 1503 1504 1479)
4(1400 1505 1525 1425)
4(489 514 1525 1505)
4(509 1425 1525 514)
4(1401 1506 1526 1426)
4(1505 1525 1526 1506)
4(1425 1426 1526 1525)
4(1402 1507 1527 1427)
4(1506 1526 1527 1507)
4(1426 1427 1527 1526)
4(1403 1508 1528 1428)
4(1507 1527 1528 1508)
4(1427 1428 1528 1527)
4(1508 1528 1529 1509)
4(1428 1429 1529 1528)
4(1505 1510 1530 1525)
4(494 519 1530 1510)
4(514 1525 1530 519)
4(1506 1511 1531 1526)
4(1510 1530 1531 1511)
4(1525 1526 1531 1530)
4(1507 1512 1532 1527)
4(1511 1531 1532 1512)
4(1526 1527 1532 1531)
4(1508 1513 1533 1528)
4(1512 1532 1533 1513)
4(1527 1528 1533 1532)
4(1513 1533 1534 1514)
4(1528 1529 1534 1533)
4(1510 1515 1535 1530)
4(499 524 1535 1515)
4(519 1530 1535 524)
4(1511 1516 1536 1531)
4(1515 1535 1536 1516)
4(1530 1531 1536 1535)
4(1512 1517 1537 1532)
4(1516 1536 1537 1517)
4(1531 1532 1537 1536)
4(1513 1518 1538 1533)
4(1517 1537 1538 1518)
4(1532 1533 1538 1537)
4(1518 1538 1539 1519)
4(1533 1534 1539 1538)
4(1515 1520 1540 1535)
4(504 529 1540 1520)
4(524 1535 1540 529)
4(1516 1521 1541 1536)
4(1520 1540 1541 1521)
4(1535 1536 1541 1540)
4(1517 1522 1542 1537)
4(1521 1541 1542 1522)
4(1536 1537 1542 1541)
4(1518 1523 1543 1538)
4(1522 1542 1543 1523)
4(1537 1538 1543 1542)
4(1523 1543 1544 1524)
4(1538 1539 1544 1543)
4(1520 605 635 1540)
4(529 1540 635 41)
4(1521 606 636 1541)
4(1540 1541 636 635)
4(1522 607 637 1542)
4(1541 1542 637 636)
4(1523 608 638 1543)
4(1542 1543 638 637)
4(1543 1544 639 638)
4(1425 1525 1545 1450)
4(514 539 1545 1525)
4(534 1450 1545 539)
4(1426 1526 1546 1451)
4(1525 1545 1546 1526)
4(1450 1451 1546 1545)
4(1427 1527 1547 1452)
4(1526 1546 1547 1527)
4(1451 1452 1547 1546)
4(1428 1528 1548 1453)
4(1527 1547 1548 1528)
4(1452 1453 1548 1547)
4(1528 1548 1549 1529)
4(1453 1454 1549 1548)
4(1525 1530 1550 1545)
4(519 544 1550 1530)
4(539 1545 1550 544)
4(1526 1531 1551 1546)
4(1530 1550 1551 1531)
4(1545 1546 1551 1550)
4(1527 1532 1552 1547)
4(1531 1551 1552 1532)
4(1546 1547 1552 1551)
4(1528 1533 1553 1548)
4(1532 1552 1553 1533)
4(1547 1548 1553 1552)
4(1533 1553 1554 1534)
4(1548 1549 1554 1553)
4(1530 1535 1555 1550)
4(524 549 1555 1535)
4(544 1550 1555 549)
4(1531 1536 1556 1551)
4(1535 1555 1556 1536)
4(1550 1551 1556 1555)
4(1532 1537 1557 1552)
4(1536 1556 1557 1537)
4(1551 1552 1557 1556)
4(1533 1538 1558 1553)
4(1537 1557 1558 1538)
4(1552 1553 1558 1557)
4(1538 1558 1559 1539)
4(1553 1554 1559 1558)
4(1535 1540 1560 1555)
4(529 554 1560 1540)
4(549 1555 1560 554)
4(1536 1541 1561 1556)
4(1540 1560 1561 1541)
4(1555 1556 1561 1560)
4(1537 1542 1562 1557)
4(1541 1561 1562 1542)
4(1556 1557 1562 1561)
4(1538 1543 1563 1558)
4(1542 1562 1563 1543)
4(1557 1558 1563 1562)
4(1543 1563 1564 1544)
4(1558 1559 1564 1563)
4(1540 635 665 1560)
4(554 1560 665 77)
4(1541 636 666 1561)
4(1560 1561 666 665)
4(1542 637 667 1562)
4(1561 1562 667 666)
4(1543 638 668 1563)
4(1562 1563 668 667)
4(1563 1564 669 668)
4(1450 1545 1565 1475)
4(539 564 1565 1545)
4(559 1475 1565 564)
4(1451 1546 1566 1476)
4(1545 1565 1566 1546)
4(1475 1476 1566 1565)
4(1452 1547 1567 1477)
4(1546 1566 1567 1547)
4(1476 1477 1567 1566)
4(1453 1548 1568 1478)
4(1547 1567 1568 1548)
4(1477 1478 1568 1567)
4(1548 1568 1569 1549)
4(1478 1479 1569 1568)
4(1545 1550 1570 1565)
4(544 569 1570 1550)
4(564 1565 1570 569)
4(1546 1551 1571 1566)
4(1550 1570 1571 1551)
4(1565 1566 1571 1570)
4(1547 1552 1572 1567)
4(1551 1571 1572 1552)
4(1566 1567 1572 1571)
4(1548 1553 1573 1568)
4(1552 1572 1573 1553)
4(1567 1568 1573 1572)
4(1553 1573 1574 1554)
4(1568 1569 1574 1573)
4(1550 1555 1575 1570)
4(549 574 1575 1555)
4(569 1570 1575 574)
4(1551 1556 1576 1571)
4(1555 1575 1576 1556)
4(1570 1571 1576 1575)
4(1552 1557 1577 1572)
4(1556 1576 1577 1557)
4(1571 1572 1577 1576)
4(1553 1558 1578 1573)
4(1557 1577 1578 1558)
4(1572 1573 1578 1577)
4(1558 1578 1579 1559)
4(1573 1574 1579 1578)
4(1555 1560 1580 1575)
4(554 579 1580 1560)
4(574 1575 1580 579)
4(1556 1561 1581 1576)
4(1560 1580 1581 1561)
4(1575 1576 1581 1580)
4(1557 1562 1582 1577)
4(1561 1581 1582 1562)
4(1576 1577 1582 1581)
4(1558 1563 1583 1578)
4(1562 1582 1583 1563)
4(1577 1578 1583 1582)
4(1563 1583 1584 1564)
4(1578 1579 1584 1583)
4(1560 665 695 1580)
4(579 1580 695 113)
4(1561 666 696 1581)
4(1580 1581 696 695)
4(1562 667 697 1582)
4(1581 1582 697 696)
4(1563 668 698 1583)
4(1582 1583 698 697)
4(1583 1584 699 698)
4(1475 1565 1585 1500)
4(564 589 1585 1565)
4(1476 1566 1586 1501)
4(1565 1585 1586 1566)
4(1477 1567 1587 1502)
4(1566 1586 1587 1567)
4(1478 1568 1588 1503)
4(1567 1587 1588 1568)
4(1568 1588 1589 1569)
4(1565 1570 1590 1585)
4(569 594 1590 1570)
4(1566 1571 1591 1586)
4(1570 1590 1591 1571)
4(1567 1572 1592 1587)
4(1571 1591 1592 1572)
4(1568 1573 1593 1588)
4(1572 1592 1593 1573)
4(1573 1593 1594 1574)
4(1570 1575 1595 1590)
4(574 599 1595 1575)
4(1571 1576 1596 1591)
4(1575 1595 1596 1576)
4(1572 1577 1597 1592)
4(1576 1596 1597 1577)
4(1573 1578 1598 1593)
4(1577 1597 1598 1578)
4(1578 1598 1599 1579)
4(1575 1580 1600 1595)
4(579 604 1600 1580)
4(1576 1581 1601 1596)
4(1580 1600 1601 1581)
4(1577 1582 1602 1597)
4(1581 1601 1602 1582)
4(1578 1583 1603 1598)
4(1582 1602 1603 1583)
4(1583 1603 1604 1584)
4(1580 695 725 1600)
4(1581 696 726 1601)
4(1582 697 727 1602)
4(1583 698 728 1603)
4(0 6 7 1)
4(6 12 13 7)
4(12 18 19 13)
4(18 24 25 19)
4(24 30 31 25)
4(1 7 8 2)
4(7 13 14 8)
4(13 19 20 14)
4(19 25 26 20)
4(25 31 32 26)
4(2 8 9 3)
4(8 14 15 9)
4(14 20 21 15)
4(20 26 27 21)
4(26 32 33 27)
4(3 9 10 4)
4(9 15 16 10)
4(15 21 22 16)
4(21 27 28 22)
4(27 33 34 28)
4(4 10 11 5)
4(10 16 17 11)
4(16 22 23 17)
4(22 28 29 23)
4(28 34 35 29)
4(180 185 186 181)
4(185 190 191 186)
4(190 195 196 191)
4(195 200 201 196)
4(200 205 206 201)
4(181 186 187 182)
4(186 191 192 187)
4(191 196 197 192)
4(196 201 202 197)
4(201 206 207 202)
4(182 187 188 183)
4(187 192 193 188)
4(192 197 198 193)
4(197 202 203 198)
4(202 207 208 203)
4(183 188 189 184)
4(188 193 194 189)
4(193 198 199 194)
4(198 203 204 199)
4(203 208 209 204)
4(184 189 6 0)
4(189 194 12 6)
4(194 199 18 12)
4(199 204 24 18)
4(204 209 30 24)
4(330 336 337 331)
4(336 342 343 337)
4(342 348 349 343)
4(348 354 355 349)
4(354 180 181 355)
4(331 337 338 332)
4(337 343 344 338)
4(343 349 350 344)
4(349 355 356 350)
4(355 181 182 356)
4(332 338 339 333)
4(338 344 345 339)
4(344 350 351 345)
4(350 356 357 351)
4(356 182 183 357)
4(333 339 340 334)
4(339 345 346 340)
4(345 351 352 346)
4(351 357 358 352)
4(357 183 184 358)
4(334 340 341 335)
4(340 346 347 341)
4(346 352 353 347)
4(352 358 359 353)
4(358 184 0 359)
4(335 341 485 480)
4(341 347 490 485)
4(347 353 495 490)
4(353 359 500 495)
4(359 0 1 500)
4(480 485 486 481)
4(485 490 491 486)
4(490 495 496 491)
4(495 500 501 496)
4(500 1 2 501)
4(481 486 487 482)
4(486 491 492 487)
4(491 496 497 492)
4(496 501 502 497)
4(501 2 3 502)
4(482 487 488 483)
4(487 492 493 488)
4(492 497 498 493)
4(497 502 503 498)
4(502 3 4 503)
4(483 488 489 484)
4(488 493 494 489)
4(493 498 499 494)
4(498 503 504 499)
4(503 4 5 504)
4(5 11 610 605)
4(11 17 615 610)
4(17 23 620 615)
4(23 29 625 620)
4(29 35 630 625)
4(605 610 611 606)
4(610 615 616 611)
4(615 620 621 616)
4(620 625 626 621)
4(625 630 631 626)
4(606 611 612 607)
4(611 616 617 612)
4(616 621 622 617)
4(621 626 627 622)
4(626 631 632 627)
4(607 612 613 608)
4(612 617 618 613)
4(617 622 623 618)
4(622 627 628 623)
4(627 632 633 628)
4(608 613 614 609)
4(613 618 619 614)
4(618 623 624 619)
4(623 628 629 624)
4(628 633 634 629)
4(35 34 755 630)
4(34 33 760 755)
4(33 32 765 760)
4(32 31 770 765)
4(31 30 775 770)
4(630 755 756 631)
4(755 760 761 756)
4(760 765 766 761)
4(765 770 771 766)
4(770 775 776 771)
4(631 756 757 632)
4(756 761 762 757)
4(761 766 767 762)
4(766 771 772 767)
4(771 776 777 772)
4(632 757 758 633)
4(757 762 763 758)
4(762 767 768 763)
4(767 772 773 768)
4(772 777 778 773)
4(633 758 759 634)
4(758 763 764 759)
4(763 768 769 764)
4(768 773 774 769)
4(773 778 779 774)
4(30 209 880 775)
4(209 208 885 880)
4(208 207 890 885)
4(207 206 895 890)
4(206 205 900 895)
4(775 880 881 776)
4(880 885 886 881)
4(885 890 891 886)
4(890 895 896 891)
4(895 900 901 896)
4(776 881 882 777)
4(881 886 887 882)
4(886 891 892 887)
4(891 896 897 892)
4(896 901 902 897)
4(777 882 883 778)
4(882 887 888 883)
4(887 892 893 888)
4(892 897 898 893)
4(897 902 903 898)
4(778 883 884 779)
4(883 888 889 884)
4(888 893 894 889)
4(893 898 899 894)
4(898 903 904 899)
4(205 200 1005 900)
4(200 195 1010 1005)
4(195 190 1015 1010)
4(190 185 1020 1015)
4(185 180 1025 1020)
4(900 1005 1006 901)
4(1005 1010 1011 1006)
4(1010 1015 1016 1011)
4(1015 1020 1021 1016)
4(1020 1025 1026 1021)
4(901 1006 1007 902)
4(1006 1011 1012 1007)
4(1011 1016 1017 1012)
4(1016 1021 1022 1017)
4(1021 1026 1027 1022)
4(902 1007 1008 903)
4(1007 1012 1013 1008)
4(1012 1017 1018 1013)
4(1017 1022 1023 1018)
4(1022 1027 1028 1023)
4(903 1008 1009 904)
4(1008 1013 1014 1009)
4(1013 1018 1019 1014)
4(1018 1023 1024 1019)
4(1023 1028 1029 1024)
4(180 354 1130 1025)
4(354 348 1135 1130)
4(348 342 1140 1135)
4(342 336 1145 1140)
4(336 330 1150 1145)
4(1025 1130 1131 1026)
4(1130 1135 1136 1131)
4(1135 1140 1141 1136)
4(1140 1145 1146 1141)
4(1145 1150 1151 1146)
4(1026 1131 1132 1027)
4(1131 1136 1137 1132)
4(1136 1141 1142 1137)
4(1141 1146 1147 1142)
4(1146 1151 1152 1147)
4(1027 1132 1133 1028)
4(1132 1137 1138 1133)
4(1137 1142 1143 1138)
4(1142 1147 1148 1143)
4(1147 1152 1153 1148)
4(1028 1133 1134 1029)
4(1133 1138 1139 1134)
4(1138 1143 1144 1139)
4(1143 1148 1149 1144)
4(1148 1153 1154 1149)
4(330 331 1255 1150)
4(331 332 1260 1255)
4(332 333 1265 1260)
4(333 334 1270 1265)
4(334 335 1275 1270)
4(1150 1255 1256 1151)
4(1255 1260 1261 1256)
4(1260 1265 1266 1261)
4(1265 1270 1271 1266)
4(1270 1275 1276 1271)
4(1151 1256 1257 1152)
4(1256 1261 1262 1257)
4(1261 1266 1267 1262)
4(1266 1271 1272 1267)
4(1271 1276 1277 1272)
4(1152 1257 1258 1153)
4(1257 1262 1263 1258)
4(1262 1267 1268 1263)
4(1267 1272 1273 1268)
4(1272 1277 1278 1273)
4(1153 1258 1259 1154)
4(1258 1263 1264 1259)
4(1263 1268 1269 1264)
4(1268 1273 1274 1269)
4(1273 1278 1279 1274)
4(335 480 1380 1275)
4(480 481 1385 1380)
4(481 482 1390 1385)
4(482 483 1395 1390)
4(483 484 1400 1395)
4(1275 1380 1381 1276)
4(1380 1385 1386 1381)
4(1385 1390 1391 1386)
4(1390 1395 1396 1391)
4(1395 1400 1401 1396)
4(1276 1381 1382 1277)
4(1381 1386 1387 1382)
4(1386 1391 1392 1387)
4(1391 1396 1397 1392)
4(1396 1401 1402 1397)
4(1277 1382 1383 1278)
4(1382 1387 1388 1383)
4(1387 1392 1393 1388)
4(1392 1397 1398 1393)
4(1397 1402 1403 1398)
4(1278 1383 1384 1279)
4(1383 1388 1389 1384)
4(1388 1393 1394 1389)
4(1393 1398 1399 1394)
4(1398 1403 1404 1399)
4(484 489 1505 1400)
4(489 494 1510 1505)
4(494 499 1515 1510)
4(499 504 1520 1515)
4(504 5 605 1520)
4(1400 1505 1506 1401)
4(1505 1510 1511 1506)
4(1510 1515 1516 1511)
4(1515 1520 1521 1516)
4(1520 605 606 1521)
4(1401 1506 1507 1402)
4(1506 1511 1512 1507)
4(1511 1516 1517 1512)
4(1516 1521 1522 1517)
4(1521 606 607 1522)
4(1402 1507 1508 1403)
4(1507 1512 1513 1508)
4(1512 1517 1518 1513)
4(1517 1522 1523 1518)
4(1522 607 608 1523)
4(1403 1508 1509 1404)
4(1508 1513 1514 1509)
4(1513 1518 1519 1514)
4(1518 1523 1524 1519)
4(1523 608 609 1524)
4(144 145 151 150)
4(150 151 157 156)
4(156 157 163 162)
4(162 163 169 168)
4(168 169 175 174)
4(145 146 152 151)
4(151 152 158 157)
4(157 158 164 163)
4(163 164 170 169)
4(169 170 176 175)
4(146 147 153 152)
4(152 153 159 158)
4(158 159 165 164)
4(164 165 171 170)
4(170 171 177 176)
4(147 148 154 153)
4(153 154 160 159)
4(159 160 166 165)
4(165 166 172 171)
4(171 172 178 177)
4(148 149 155 154)
4(154 155 161 160)
4(160 161 167 166)
4(166 167 173 172)
4(172 173 179 178)
4(300 301 306 305)
4(305 306 311 310)
4(310 311 316 315)
4(315 316 321 320)
4(320 321 326 325)
4(301 302 307 306)
4(306 307 312 311)
4(311 312 317 316)
4(316 317 322 321)
4(321 322 327 326)
4(302 303 308 307)
4(307 308 313 312)
4(312 313 318 317)
4(317 318 323 322)
4(322 323 328 327)
4(303 304 309 308)
4(308 309 314 313)
4(313 314 319 318)
4(318 319 324 323)
4(323 324 329 328)
4(304 144 150 309)
4(309 150 156 314)
4(314 156 162 319)
4(319 162 168 324)
4(324 168 174 329)
4(450 451 457 456)
4(456 457 463 462)
4(462 463 469 468)
4(468 469 475 474)
4(474 475 301 300)
4(451 452 458 457)
4(457 458 464 463)
4(463 464 470 469)
4(469 470 476 475)
4(475 476 302 301)
4(452 453 459 458)
4(458 459 465 464)
4(464 465 471 470)
4(470 471 477 476)
4(476 477 303 302)
4(453 454 460 459)
4(459 460 466 465)
4(465 466 472 471)
4(471 472 478 477)
4(477 478 304 303)
4(454 455 461 460)
4(460 461 467 466)
4(466 467 473 472)
4(472 473 479 478)
4(478 479 144 304)
4(455 580 585 461)
4(461 585 590 467)
4(467 590 595 473)
4(473 595 600 479)
4(479 600 145 144)
4(580 581 586 585)
4(585 586 591 590)
4(590 591 596 595)
4(595 596 601 600)
4(600 601 146 145)
4(581 582 587 586)
4(586 587 592 591)
4(591 592 597 596)
4(596 597 602 601)
4(601 602 147 146)
4(582 583 588 587)
4(587 588 593 592)
4(592 593 598 597)
4(597 598 603 602)
4(602 603 148 147)
4(583 584 589 588)
4(588 589 594 593)
4(593 594 599 598)
4(598 599 604 603)
4(603 604 149 148)
4(149 725 730 155)
4(155 730 735 161)
4(161 735 740 167)
4(167 740 745 173)
4(173 745 750 179)
4(725 726 731 730)
4(730 731 736 735)
4(735 736 741 740)
4(740 741 746 745)
4(745 746 751 750)
4(726 727 732 731)
4(731 732 737 736)
4(736 737 742 741)
4(741 742 747 746)
4(746 747 752 751)
4(727 728 733 732)
4(732 733 738 737)
4(737 738 743 742)
4(742 743 748 747)
4(747 748 753 752)
4(728 729 734 733)
4(733 734 739 738)
4(738 739 744 743)
4(743 744 749 748)
4(748 749 754 753)
4(179 750 855 178)
4(178 855 860 177)
4(177 860 865 176)
4(176 865 870 175)
4(175 870 875 174)
4(750 751 856 855)
4(855 856 861 860)
4(860 861 866 865)
4(865 866 871 870)
4(870 871 876 875)
4(751 752 857 856)
4(856 857 862 861)
4(861 862 867 866)
4(866 867 872 871)
4(871 872 877 876)
4(752 753 858 857)
4(857 858 863 862)
4(862 863 868 867)
4(867 868 873 872)
4(872 873 878 877)
4(753 754 859 858)
4(858 859 864 863)
4(863 864 869 868)
4(868 869 874 873)
4(873 874 879 878)
4(174 875 980 329)
4(329 980 985 328)
4(328 985 990 327)
4(327 990 995 326)
4(326 995 1000 325)
4(875 876 981 980)
4(980 981 986 985)
4(985 986 991 990)
4(990 991 996 995)
4(995 996 1001 1000)
4(876 877 982 981)
4(981 982 987 986)
4(986 987 992 991)
4(991 992 997 996)
4(996 997 1002 1001)
4(877 878 983 982)
4(982 983 988 987)
4(987 988 993 992)
4(992 993 998 997)
4(997 998 1003 1002)
4(878 879 984 983)
4(983 984 989 988)
4(988 989 994 993)
4(993 994 999 998)
4(998 999 1004 1003)
4(325 1000 1105 320)
4(320 1105 1110 315)
4(315 1110 1115 310)
4(310 1115 1120 305)
4(305 1120 1125 300)
4(1000 1001 1106 1105)
4(1105 1106 1111 1110)
4(1110 1111 1116 1115)
4(1115 1116 1121 1120)
4(1120 1121 1126 1125)
4(1001 1002 1107 1106)
4(1106 1107 1112 1111)
4(1111 1112 1117 1116)
4(1116 1117 1122 1121)
4(1121 1122 1127 1126)
4(1002 1003 1108 1107)
4(1107 1108 1113 1112)
4(1112 1113 1118 1117)
4(1117 1118 1123 1122)
4(1122 1123 1128 1127)
4(1003 1004 1109 1108)
4(1108 1109 1114 1113)
4(1113 1114 1119 1118)
4(1118 1119 1124 1123)
4(1123 1124 1129 1128)
4(300 1125 1230 474)
4(474 1230 1235 468)
4(468 1235 1240 462)
4(462 1240 1245 456)
4(456 1245 1250 450)
4(1125 1126 1231 1230)
4(1230 1231 1236 1235)
4(1235 1236 1241 1240)
4(1240 1241 1246 1245)
4(1245 1246 1251 1250)
4(1126 1127 1232 1231)
4(1231 1232 1237 1236)
4(1236 1237 1242 1241)
4(1241 1242 1247 1246)
4(1246 1247 1252 1251)
4(1127 1128 1233 1232)
4(1232 1233 1238 1237)
4(1237 1238 1243 1242)
4(1242 1243 1248 1247)
4(1247 1248 1253 1252)
4(1128 1129 1234 1233)
4(1233 1234 1239 1238)
4(1238 1239 1244 1243)
4(1243 1244 1249 1248)
4(1248 1249 1254 1253)
4(450 1250 1355 451)
4(451 1355 1360 452)
4(452 1360 1365 453)
4(453 1365 1370 454)
4(454 1370 1375 455)
4(1250 1251 1356 1355)
4(1355 1356 1361 1360)
4(1360 1361 1366 1365)
4(1365 1366 1371 1370)
4(1370 1371 1376 1375)
4(1251 1252 1357 1356)
4(1356 1357 1362 1361)
4(1361 1362 1367 1366)
4(1366 1367 1372 1371)
4(1371 1372 1377 1376)
4(1252 1253 1358 1357)
4(1357 1358 1363 1362)
4(1362 1363 1368 1367)
4(1367 1368 1373 1372)
4(1372 1373 1378 1377)
4(1253 1254 1359 1358)
4(1358 1359 1364 1363)
4(1363 1364 1369 1368)
4(1368 1369 1374 1373)
4(1373 1374 1379 1378)
4(455 1375 1480 580)
4(580 1480 1485 581)
4(581 1485 1490 582)
4(582 1490 1495 583)
4(583 1495 1500 584)
4(1375 1376 1481 1480)
4(1480 1481 1486 1485)
4(1485 1486 1491 1490)
4(1490 1491 1496 1495)
4(1495 1496 1501 1500)
4(1376 1377 1482 1481)
4(1481 1482 1487 1486)
4(1486 1487 1492 1491)
4(1491 1492 1497 1496)
4(1496 1497 1502 1501)
4(1377 1378 1483 1482)
4(1482 1483 1488 1487)
4(1487 1488 1493 1492)
4(1492 1493 1498 1497)
4(1497 1498 1503 1502)
4(1378 1379 1484 1483)
4(1483 1484 1489 1488)
4(1488 1489 1494 1493)
4(1493 1494 1499 1498)
4(1498 1499 1504 1503)
4(584 1500 1585 589)
4(589 1585 1590 594)
4(594 1590 1595 599)
4(599 1595 1600 604)
4(604 1600 725 149)
4(1500 1501 1586 1585)
4(1585 1586 1591 1590)
4(1590 1591 1596 1595)
4(1595 1596 1601 1600)
4(1600 1601 726 725)
4(1501 1502 1587 1586)
4(1586 1587 1592 1591)
4(1591 1592 1597 1596)
4(1596 1597 1602 1601)
4(1601 1602 727 726)
4(1502 1503 1588 1587)
4(1587 1588 1593 1592)
4(1592 1593 1598 1597)
4(1597 1598 1603 1602)
4(1602 1603 728 727)
4(1503 1504 1589 1588)
4(1588 1589 1594 1593)
4(1593 1594 1599 1598)
4(1598 1599 1604 1603)
4(1603 1604 729 728)
4(609 614 644 639)
4(614 619 649 644)
4(619 624 654 649)
4(624 629 659 654)
4(629 634 664 659)
4(639 644 674 669)
4(644 649 679 674)
4(649 654 684 679)
4(654 659 689 684)
4(659 664 694 689)
4(669 674 704 699)
4(674 679 709 704)
4(679 684 714 709)
4(684 689 719 714)
4(689 694 724 719)
4(699 704 734 729)
4(704 709 739 734)
4(709 714 744 739)
4(714 719 749 744)
4(719 724 754 749)
4(634 759 784 664)
4(759 764 789 784)
4(764 769 794 789)
4(769 774 799 794)
4(774 779 804 799)
4(664 784 809 694)
4(784 789 814 809)
4(789 794 819 814)
4(794 799 824 819)
4(799 804 829 824)
4(694 809 834 724)
4(809 814 839 834)
4(814 819 844 839)
4(819 824 849 844)
4(824 829 854 849)
4(724 834 859 754)
4(834 839 864 859)
4(839 844 869 864)
4(844 849 874 869)
4(849 854 879 874)
4(779 884 909 804)
4(884 889 914 909)
4(889 894 919 914)
4(894 899 924 919)
4(899 904 929 924)
4(804 909 934 829)
4(909 914 939 934)
4(914 919 944 939)
4(919 924 949 944)
4(924 929 954 949)
4(829 934 959 854)
4(934 939 964 959)
4(939 944 969 964)
4(944 949 974 969)
4(949 954 979 974)
4(854 959 984 879)
4(959 964 989 984)
4(964 969 994 989)
4(969 974 999 994)
4(974 979 1004 999)
4(904 1009 1034 929)
4(1009 1014 1039 1034)
4(1014 1019 1044 1039)
4(1019 1024 1049 1044)
4(1024 1029 1054 1049)
4(929 1034 1059 954)
4(1034 1039 1064 1059)
4(1039 1044 1069 1064)
4(1044 1049 1074 1069)
4(1049 1054 1079 1074)
4(954 1059 1084 979)
4(1059 1064 1089 1084)
4(1064 1069 1094 1089)
4(1069 1074 1099 1094)
4(1074 1079 1104 1099)
4(979 1084 1109 1004)
4(1084 1089 1114 1109)
4(1089 1094 1119 1114)
4(1094 1099 1124 1119)
4(1099 1104 1129 1124)
4(1029 1134 1159 1054)
4(1134 1139 1164 1159)
4(1139 1144 1169 1164)
4(1144 1149 1174 1169)
4(1149 1154 1179 1174)
4(1054 1159 1184 1079)
4(1159 1164 1189 1184)
4(1164 1169 1194 1189)
4(1169 1174 1199 1194)
4(1174 1179 1204 1199)
4(1079 1184 1209 1104)
4(1184 1189 1214 1209)
4(1189 1194 1219 1214)
4(1194 1199 1224 1219)
4(1199 1204 1229 1224)
4(1104 1209 1234 1129)
4(1209 1214 1239 1234)
4(1214 1219 1244 1239)
4(1219 1224 1249 1244)
4(1224 1229 1254 1249)
4(1154 1259 1284 1179)
4(1259 1264 1289 1284)
4(1264 1269 1294 1289)
4(1269 1274 1299 1294)
4(1274 1279 1304 1299)
4(1179 1284 1309 1204)
4(1284 1289 1314 1309)
4(1289 1294 1319 1314)
4(1294 1299 1324 1319)
4(1299 1304 1329 1324)
4(1204 1309 1334 1229)
4(1309 1314 1339 1334)
4(1314 1319 1344 1339)
4(1319 1324 1349 1344)
4(1324 1329 1354 1349)
4(1229 1334 1359 1254)
4(1334 1339 1364 1359)
4(1339 1344 1369 1364)
4(1344 1349 1374 1369)
4(1349 1354 1379 1374)
4(1279 1384 1409 1304)
4(1384 1389 1414 1409)
4(1389 1394 1419 1414)
4(1394 1399 1424 1419)
4(1399 1404 1429 1424)
4(1304 1409 1434 1329)
4(1409 1414 1439 1434)
4(1414 1419 1444 1439)
4(1419 1424 1449 1444)
4(1424 1429 1454 1449)
4(1329 1434 1459 1354)
4(1434 1439 1464 1459)
4(1439 1444 1469 1464)
4(1444 1449 1474 1469)
4(1449 1454 1479 1474)
4(1354 1459 1484 1379)
4(1459 1464 1489 1484)
4(1464 1469 1494 1489)
4(1469 1474 1499 1494)
4(1474 1479 1504 1499)
4(1404 1509 1529 1429)
4(1509 1514 1534 1529)
4(1514 1519 1539 1534)
4(1519 1524 1544 1539)
4(1524 609 639 1544)
4(1429 1529 1549 1454)
4(1529 1534 1554 1549)
4(1534 1539 1559 1554)
4(1539 1544 1564 1559)
4(1544 639 669 1564)
4(1454 1549 1569 1479)
4(1549 1554 1574 1569)
4(1554 1559 1579 1574)
4(1559 1564 1584 1579)
4(1564 669 699 1584)
4(1479 1569 1589 1504)
4(1569 1574 1594 1589)
4(1574 1579 1599 1594)
4(1579 1584 1604 1599)
4(1584 699 729 1604)
)


// ************************************************************************* //
