/*--------------------------------*- C++ -*----------------------------------*\
| =========                 |                                                 |
| \\      /  F ield         | OpenFOAM: The Open Source CFD Toolbox           |
|  \\    /   O peration     | Version:  2406                                  |
|   \\  /    A nd           | Website:  www.openfoam.com                      |
|    \\/     M anipulation  |                                                 |
\*---------------------------------------------------------------------------*/
FoamFile
{
    version     2.0;
    format      ascii;
    arch        "LSB;label=32;scalar=64";
    note        "nPoints:1605  nCells:1200  nFaces:3980  nInternalFaces:3220";
    class       labelList;
    location    "constant/polyMesh";
    object      neighbour;
}
// * * * * * * * * * * * * * * * * * * * * * * * * * * * * * * * * * * * * * //


3220
(
1
5
25
104
320
2
6
26
321
3
7
27
322
4
8
28
323
9
29
324
400
6
10
30
109
7
11
31
8
12
32
9
13
33
14
34
405
11
15
35
114
12
16
36
13
17
37
14
18
38
19
39
410
16
20
40
119
17
21
41
18
22
42
19
23
43
24
44
415
21
45
124
520
22
46
515
23
47
510
24
48
505
49
420
500
26
30
50
129
345
27
31
51
346
28
32
52
347
29
33
53
348
34
54
349
425
31
35
55
134
32
36
56
33
37
57
34
38
58
39
59
430
36
40
60
139
37
41
61
38
42
62
39
43
63
44
64
435
41
45
65
144
42
46
66
43
47
67
44
48
68
49
69
440
46
70
149
545
47
71
540
48
72
535
49
73
530
74
445
525
51
55
75
154
370
52
56
76
371
53
57
77
372
54
58
78
373
59
79
374
450
56
60
80
159
57
61
81
58
62
82
59
63
83
64
84
455
61
65
85
164
62
66
86
63
67
87
64
68
88
69
89
460
66
70
90
169
67
71
91
68
72
92
69
73
93
74
94
465
71
95
174
570
72
96
565
73
97
560
74
98
555
99
470
550
76
80
179
395
77
81
396
78
82
397
79
83
398
84
399
475
81
85
184
82
86
83
87
84
88
89
480
86
90
189
87
91
88
92
89
93
94
485
91
95
194
92
96
93
97
94
98
99
490
96
199
595
97
590
98
585
99
580
495
575
101
105
125
220
720
102
106
126
221
103
107
127
222
104
108
128
223
109
129
224
106
110
130
715
107
111
131
108
112
132
109
113
133
114
134
111
115
135
710
112
116
136
113
117
137
114
118
138
119
139
116
120
140
705
117
121
141
118
122
142
119
123
143
124
144
121
145
620
700
122
146
615
123
147
610
124
148
605
149
600
126
130
150
245
745
127
131
151
246
128
132
152
247
129
133
153
248
134
154
249
131
135
155
740
132
136
156
133
137
157
134
138
158
139
159
136
140
160
735
137
141
161
138
142
162
139
143
163
144
164
141
145
165
730
142
146
166
143
147
167
144
148
168
149
169
146
170
645
725
147
171
640
148
172
635
149
173
630
174
625
151
155
175
270
770
152
156
176
271
153
157
177
272
154
158
178
273
159
179
274
156
160
180
765
157
161
181
158
162
182
159
163
183
164
184
161
165
185
760
162
166
186
163
167
187
164
168
188
169
189
166
170
190
755
167
171
191
168
172
192
169
173
193
174
194
171
195
670
750
172
196
665
173
197
660
174
198
655
199
650
176
180
295
795
177
181
296
178
182
297
179
183
298
184
299
181
185
790
182
186
183
187
184
188
189
186
190
785
187
191
188
192
189
193
194
191
195
780
192
196
193
197
194
198
199
196
695
775
197
690
198
685
199
680
675
201
205
225
820
900
202
206
226
905
203
207
227
910
204
208
228
915
209
229
300
920
206
210
230
815
207
211
231
208
212
232
209
213
233
214
234
305
211
215
235
810
212
216
236
213
217
237
214
218
238
219
239
310
216
220
240
805
217
221
241
218
222
242
219
223
243
224
244
315
221
245
800
222
246
223
247
224
248
249
320
226
230
250
845
925
227
231
251
930
228
232
252
935
229
233
253
940
234
254
325
945
231
235
255
840
232
236
256
233
237
257
234
238
258
239
259
330
236
240
260
835
237
241
261
238
242
262
239
243
263
244
264
335
241
245
265
830
242
246
266
243
247
267
244
248
268
249
269
340
246
270
825
247
271
248
272
249
273
274
345
251
255
275
870
950
252
256
276
955
253
257
277
960
254
258
278
965
259
279
350
970
256
260
280
865
257
261
281
258
262
282
259
263
283
264
284
355
261
265
285
860
262
266
286
263
267
287
264
268
288
269
289
360
266
270
290
855
267
271
291
268
272
292
269
273
293
274
294
365
271
295
850
272
296
273
297
274
298
299
370
276
280
895
975
277
281
980
278
282
985
279
283
990
284
375
995
281
285
890
282
286
283
287
284
288
289
380
286
290
885
287
291
288
292
289
293
294
385
291
295
880
292
296
293
297
294
298
299
390
296
875
297
298
299
395
301
305
325
1000
302
306
326
1005
303
307
327
1010
304
308
328
1015
309
329
1020
1100
306
310
330
307
311
331
308
312
332
309
313
333
314
334
1105
311
315
335
312
316
336
313
317
337
314
318
338
319
339
1110
316
320
340
317
321
341
318
322
342
319
323
343
324
344
1115
321
345
322
346
323
347
324
348
349
1120
326
330
350
1025
327
331
351
1030
328
332
352
1035
329
333
353
1040
334
354
1045
1125
331
335
355
332
336
356
333
337
357
334
338
358
339
359
1130
336
340
360
337
341
361
338
342
362
339
343
363
344
364
1135
341
345
365
342
346
366
343
347
367
344
348
368
349
369
1140
346
370
347
371
348
372
349
373
374
1145
351
355
375
1050
352
356
376
1055
353
357
377
1060
354
358
378
1065
359
379
1070
1150
356
360
380
357
361
381
358
362
382
359
363
383
364
384
1155
361
365
385
362
366
386
363
367
387
364
368
388
369
389
1160
366
370
390
367
371
391
368
372
392
369
373
393
374
394
1165
371
395
372
396
373
397
374
398
399
1170
376
380
1075
377
381
1080
378
382
1085
379
383
1090
384
1095
1175
381
385
382
386
383
387
384
388
389
1180
386
390
387
391
388
392
389
393
394
1185
391
395
392
396
393
397
394
398
399
1190
396
397
398
399
1195
401
405
425
1120
402
406
426
1121
403
407
427
1122
404
408
428
1123
409
429
1124
406
410
430
407
411
431
408
412
432
409
413
433
414
434
411
415
435
412
416
436
413
417
437
414
418
438
419
439
416
420
440
417
421
441
418
422
442
419
423
443
424
444
421
445
500
422
446
501
423
447
502
424
448
503
449
504
426
430
450
1145
427
431
451
1146
428
432
452
1147
429
433
453
1148
434
454
1149
431
435
455
432
436
456
433
437
457
434
438
458
439
459
436
440
460
437
441
461
438
442
462
439
443
463
444
464
441
445
465
442
446
466
443
447
467
444
448
468
449
469
446
470
525
447
471
526
448
472
527
449
473
528
474
529
451
455
475
1170
452
456
476
1171
453
457
477
1172
454
458
478
1173
459
479
1174
456
460
480
457
461
481
458
462
482
459
463
483
464
484
461
465
485
462
466
486
463
467
487
464
468
488
469
489
466
470
490
467
471
491
468
472
492
469
473
493
474
494
471
495
550
472
496
551
473
497
552
474
498
553
499
554
476
480
1195
477
481
1196
478
482
1197
479
483
1198
484
1199
481
485
482
486
483
487
484
488
489
486
490
487
491
488
492
489
493
494
491
495
492
496
493
497
494
498
499
496
575
497
576
498
577
499
578
579
501
505
525
502
506
526
503
507
527
504
508
528
509
529
506
510
530
507
511
531
508
512
532
509
513
533
514
534
511
515
535
512
516
536
513
517
537
514
518
538
519
539
516
520
540
517
521
541
518
522
542
519
523
543
524
544
521
545
600
522
546
601
523
547
602
524
548
603
549
604
526
530
550
527
531
551
528
532
552
529
533
553
534
554
531
535
555
532
536
556
533
537
557
534
538
558
539
559
536
540
560
537
541
561
538
542
562
539
543
563
544
564
541
545
565
542
546
566
543
547
567
544
548
568
549
569
546
570
625
547
571
626
548
572
627
549
573
628
574
629
551
555
575
552
556
576
553
557
577
554
558
578
559
579
556
560
580
557
561
581
558
562
582
559
563
583
564
584
561
565
585
562
566
586
563
567
587
564
568
588
569
589
566
570
590
567
571
591
568
572
592
569
573
593
574
594
571
595
650
572
596
651
573
597
652
574
598
653
599
654
576
580
577
581
578
582
579
583
584
581
585
582
586
583
587
584
588
589
586
590
587
591
588
592
589
593
594
591
595
592
596
593
597
594
598
599
596
675
597
676
598
677
599
678
679
601
605
625
602
606
626
603
607
627
604
608
628
609
629
606
610
630
607
611
631
608
612
632
609
613
633
614
634
611
615
635
612
616
636
613
617
637
614
618
638
619
639
616
620
640
617
621
641
618
622
642
619
623
643
624
644
621
645
700
622
646
701
623
647
702
624
648
703
649
704
626
630
650
627
631
651
628
632
652
629
633
653
634
654
631
635
655
632
636
656
633
637
657
634
638
658
639
659
636
640
660
637
641
661
638
642
662
639
643
663
644
664
641
645
665
642
646
666
643
647
667
644
648
668
649
669
646
670
725
647
671
726
648
672
727
649
673
728
674
729
651
655
675
652
656
676
653
657
677
654
658
678
659
679
656
660
680
657
661
681
658
662
682
659
663
683
664
684
661
665
685
662
666
686
663
667
687
664
668
688
669
689
666
670
690
667
671
691
668
672
692
669
673
693
674
694
671
695
750
672
696
751
673
697
752
674
698
753
699
754
676
680
677
681
678
682
679
683
684
681
685
682
686
683
687
684
688
689
686
690
687
691
688
692
689
693
694
691
695
692
696
693
697
694
698
699
696
775
697
776
698
777
699
778
779
701
705
725
702
706
726
703
707
727
704
708
728
709
729
706
710
730
707
711
731
708
712
732
709
713
733
714
734
711
715
735
712
716
736
713
717
737
714
718
738
719
739
716
720
740
717
721
741
718
722
742
719
723
743
724
744
721
745
800
722
746
801
723
747
802
724
748
803
749
804
726
730
750
727
731
751
728
732
752
729
733
753
734
754
731
735
755
732
736
756
733
737
757
734
738
758
739
759
736
740
760
737
741
761
738
742
762
739
743
763
744
764
741
745
765
742
746
766
743
747
767
744
748
768
749
769
746
770
825
747
771
826
748
772
827
749
773
828
774
829
751
755
775
752
756
776
753
757
777
754
758
778
759
779
756
760
780
757
761
781
758
762
782
759
763
783
764
784
761
765
785
762
766
786
763
767
787
764
768
788
769
789
766
770
790
767
771
791
768
772
792
769
773
793
774
794
771
795
850
772
796
851
773
797
852
774
798
853
799
854
776
780
777
781
778
782
779
783
784
781
785
782
786
783
787
784
788
789
786
790
787
791
788
792
789
793
794
791
795
792
796
793
797
794
798
799
796
875
797
876
798
877
799
878
879
801
805
825
802
806
826
803
807
827
804
808
828
809
829
806
810
830
807
811
831
808
812
832
809
813
833
814
834
811
815
835
812
816
836
813
817
837
814
818
838
819
839
816
820
840
817
821
841
818
822
842
819
823
843
824
844
821
845
900
822
846
901
823
847
902
824
848
903
849
904
826
830
850
827
831
851
828
832
852
829
833
853
834
854
831
835
855
832
836
856
833
837
857
834
838
858
839
859
836
840
860
837
841
861
838
842
862
839
843
863
844
864
841
845
865
842
846
866
843
847
867
844
848
868
849
869
846
870
925
847
871
926
848
872
927
849
873
928
874
929
851
855
875
852
856
876
853
857
877
854
858
878
859
879
856
860
880
857
861
881
858
862
882
859
863
883
864
884
861
865
885
862
866
886
863
867
887
864
868
888
869
889
866
870
890
867
871
891
868
872
892
869
873
893
874
894
871
895
950
872
896
951
873
897
952
874
898
953
899
954
876
880
877
881
878
882
879
883
884
881
885
882
886
883
887
884
888
889
886
890
887
891
888
892
889
893
894
891
895
892
896
893
897
894
898
899
896
975
897
976
898
977
899
978
979
901
905
925
902
906
926
903
907
927
904
908
928
909
929
906
910
930
907
911
931
908
912
932
909
913
933
914
934
911
915
935
912
916
936
913
917
937
914
918
938
919
939
916
920
940
917
921
941
918
922
942
919
923
943
924
944
921
945
1000
922
946
1001
923
947
1002
924
948
1003
949
1004
926
930
950
927
931
951
928
932
952
929
933
953
934
954
931
935
955
932
936
956
933
937
957
934
938
958
939
959
936
940
960
937
941
961
938
942
962
939
943
963
944
964
941
945
965
942
946
966
943
947
967
944
948
968
949
969
946
970
1025
947
971
1026
948
972
1027
949
973
1028
974
1029
951
955
975
952
956
976
953
957
977
954
958
978
959
979
956
960
980
957
961
981
958
962
982
959
963
983
964
984
961
965
985
962
966
986
963
967
987
964
968
988
969
989
966
970
990
967
971
991
968
972
992
969
973
993
974
994
971
995
1050
972
996
1051
973
997
1052
974
998
1053
999
1054
976
980
977
981
978
982
979
983
984
981
985
982
986
983
987
984
988
989
986
990
987
991
988
992
989
993
994
991
995
992
996
993
997
994
998
999
996
1075
997
1076
998
1077
999
1078
1079
1001
1005
1025
1002
1006
1026
1003
1007
1027
1004
1008
1028
1009
1029
1006
1010
1030
1007
1011
1031
1008
1012
1032
1009
1013
1033
1014
1034
1011
1015
1035
1012
1016
1036
1013
1017
1037
1014
1018
1038
1019
1039
1016
1020
1040
1017
1021
1041
1018
1022
1042
1019
1023
1043
1024
1044
1021
1045
1100
1022
1046
1101
1023
1047
1102
1024
1048
1103
1049
1104
1026
1030
1050
1027
1031
1051
1028
1032
1052
1029
1033
1053
1034
1054
1031
1035
1055
1032
1036
1056
1033
1037
1057
1034
1038
1058
1039
1059
1036
1040
1060
1037
1041
1061
1038
1042
1062
1039
1043
1063
1044
1064
1041
1045
1065
1042
1046
1066
1043
1047
1067
1044
1048
1068
1049
1069
1046
1070
1125
1047
1071
1126
1048
1072
1127
1049
1073
1128
1074
1129
1051
1055
1075
1052
1056
1076
1053
1057
1077
1054
1058
1078
1059
1079
1056
1060
1080
1057
1061
1081
1058
1062
1082
1059
1063
1083
1064
1084
1061
1065
1085
1062
1066
1086
1063
1067
1087
1064
1068
1088
1069
1089
1066
1070
1090
1067
1071
1091
1068
1072
1092
1069
1073
1093
1074
1094
1071
1095
1150
1072
1096
1151
1073
1097
1152
1074
1098
1153
1099
1154
1076
1080
1077
1081
1078
1082
1079
1083
1084
1081
1085
1082
1086
1083
1087
1084
1088
1089
1086
1090
1087
1091
1088
1092
1089
1093
1094
1091
1095
1092
1096
1093
1097
1094
1098
1099
1096
1175
1097
1176
1098
1177
1099
1178
1179
1101
1105
1125
1102
1106
1126
1103
1107
1127
1104
1108
1128
1109
1129
1106
1110
1130
1107
1111
1131
1108
1112
1132
1109
1113
1133
1114
1134
1111
1115
1135
1112
1116
1136
1113
1117
1137
1114
1118
1138
1119
1139
1116
1120
1140
1117
1121
1141
1118
1122
1142
1119
1123
1143
1124
1144
1121
1145
1122
1146
1123
1147
1124
1148
1149
1126
1130
1150
1127
1131
1151
1128
1132
1152
1129
1133
1153
1134
1154
1131
1135
1155
1132
1136
1156
1133
1137
1157
1134
1138
1158
1139
1159
1136
1140
1160
1137
1141
1161
1138
1142
1162
1139
1143
1163
1144
1164
1141
1145
1165
1142
1146
1166
1143
1147
1167
1144
1148
1168
1149
1169
1146
1170
1147
1171
1148
1172
1149
1173
1174
1151
1155
1175
1152
1156
1176
1153
1157
1177
1154
1158
1178
1159
1179
1156
1160
1180
1157
1161
1181
1158
1162
1182
1159
1163
1183
1164
1184
1161
1165
1185
1162
1166
1186
1163
1167
1187
1164
1168
1188
1169
1189
1166
1170
1190
1167
1171
1191
1168
1172
1192
1169
1173
1193
1174
1194
1171
1195
1172
1196
1173
1197
1174
1198
1199
1176
1180
1177
1181
1178
1182
1179
1183
1184
1181
1185
1182
1186
1183
1187
1184
1188
1189
1186
1190
1187
1191
1188
1192
1189
1193
1194
1191
1195
1192
1196
1193
1197
1194
1198
1199
1196
1197
1198
1199
)


// ************************************************************************* //
