/*--------------------------------*- C++ -*----------------------------------*\
| =========                 |                                                 |
| \\      /  F ield         | OpenFOAM: The Open Source CFD Toolbox           |
|  \\    /   O peration     | Version:  2406                                  |
|   \\  /    A nd           | Website:  www.openfoam.com                      |
|    \\/     M anipulation  |                                                 |
\*---------------------------------------------------------------------------*/
FoamFile
{
    version     2.0;
    format      ascii;
    arch        "LSB;label=32;scalar=64";
    class       vectorField;
    location    "constant/polyMesh";
    object      points;
}
// * * * * * * * * * * * * * * * * * * * * * * * * * * * * * * * * * * * * * //


1605
(
(0 0 0)
(0 0 1.4)
(0 0 2.8)
(0 0 4.2)
(0 0 5.6)
(0 0 7)
(0 -1.4 0)
(0 -1.389263159 1.389263159)
(0 -1.333030848 2.771477127)
(0 -1.259180694 4.148149175)
(0 -1.180301352 5.518743968)
(0 -1.142127343 6.899536204)
(0 -2.8 0)
(0 -2.771477127 1.333030848)
(0 -2.651963312 2.651963312)
(0 -2.497213812 3.959811937)
(0 -2.332405936 5.255506053)
(0 -2.249008727 6.571595054)
(0 -4.2 0)
(0 -4.148149175 1.259180694)
(0 -3.959811937 2.497213812)
(0 -3.718621171 3.718621171)
(0 -3.462342843 4.921796766)
(0 -3.328180512 6.155564689)
(0 -5.6 0)
(0 -5.518743968 1.180301352)
(0 -5.255506053 2.332405936)
(0 -4.921796766 3.462342843)
(0 -4.56797073 4.56797073)
(0 -4.376966025 5.714388388)
(0 -7 0)
(0 -6.899536204 1.142127343)
(0 -6.571595054 2.249008727)
(0 -6.155564689 3.328180512)
(0 -5.714388388 4.376966025)
(0 -5.47673875 5.47673875)
(0.8550922821 0 0)
(0.8550922821 0 1.4)
(0.8550922821 0 2.8)
(0.8550922821 0 4.2)
(0.8550922821 0 5.6)
(0.8550922821 0 7)
(0.8550922821 -1.4 0)
(0.8550922821 -1.389263159 1.389263159)
(0.8550922821 -1.333030848 2.771477127)
(0.8550922821 -1.259180694 4.148149175)
(0.8550922821 -1.180301352 5.518743968)
(0.8550922821 -1.142127343 6.899536204)
(0.8550922821 -2.8 0)
(0.8550922821 -2.771477127 1.333030848)
(0.8550922821 -2.651963312 2.651963312)
(0.8550922821 -2.497213812 3.959811937)
(0.8550922821 -2.332405936 5.255506053)
(0.8550922821 -2.249008727 6.571595054)
(0.8550922821 -4.2 0)
(0.8550922821 -4.148149175 1.259180694)
(0.8550922821 -3.959811937 2.497213812)
(0.8550922821 -3.718621171 3.718621171)
(0.8550922821 -3.462342843 4.921796766)
(0.8550922821 -3.328180512 6.155564689)
(0.8550922821 -5.6 0)
(0.8550922821 -5.518743968 1.180301352)
(0.8550922821 -5.255506053 2.332405936)
(0.8550922821 -4.921796766 3.462342843)
(0.8550922821 -4.56797073 4.56797073)
(0.8550922821 -4.376966025 5.714388388)
(0.8550922821 -7 0)
(0.8550922821 -6.899536204 1.142127343)
(0.8550922821 -6.571595054 2.249008727)
(0.8550922821 -6.155564689 3.328180512)
(0.8550922821 -5.714388388 4.376966025)
(0.8550922821 -5.47673875 5.47673875)
(1.932441048 0 0)
(1.932441048 0 1.4)
(1.932441048 0 2.8)
(1.932441048 0 4.2)
(1.932441048 0 5.6)
(1.932441048 0 7)
(1.932441048 -1.4 0)
(1.932441048 -1.389263159 1.389263159)
(1.932441048 -1.333030848 2.771477127)
(1.932441048 -1.259180694 4.148149175)
(1.932441048 -1.180301352 5.518743968)
(1.932441048 -1.142127343 6.899536204)
(1.932441048 -2.8 0)
(1.932441048 -2.771477127 1.333030848)
(1.932441048 -2.651963312 2.651963312)
(1.932441048 -2.497213812 3.959811937)
(1.932441048 -2.332405936 5.255506053)
(1.932441048 -2.249008727 6.571595054)
(1.932441048 -4.2 0)
(1.932441048 -4.148149175 1.259180694)
(1.932441048 -3.959811937 2.497213812)
(1.932441048 -3.718621171 3.718621171)
(1.932441048 -3.462342843 4.921796766)
(1.932441048 -3.328180512 6.155564689)
(1.932441048 -5.6 0)
(1.932441048 -5.518743968 1.180301352)
(1.932441048 -5.255506053 2.332405936)
(1.932441048 -4.921796766 3.462342843)
(1.932441048 -4.56797073 4.56797073)
(1.932441048 -4.376966025 5.714388388)
(1.932441048 -7 0)
(1.932441048 -6.899536204 1.142127343)
(1.932441048 -6.571595054 2.249008727)
(1.932441048 -6.155564689 3.328180512)
(1.932441048 -5.714388388 4.376966025)
(1.932441048 -5.47673875 5.47673875)
(3.289815436 0 0)
(3.289815436 0 1.4)
(3.289815436 0 2.8)
(3.289815436 0 4.2)
(3.289815436 0 5.6)
(3.289815436 0 7)
(3.289815436 -1.4 0)
(3.289815436 -1.389263159 1.389263159)
(3.289815436 -1.333030848 2.771477127)
(3.289815436 -1.259180694 4.148149175)
(3.289815436 -1.180301352 5.518743968)
(3.289815436 -1.142127343 6.899536204)
(3.289815436 -2.8 0)
(3.289815436 -2.771477127 1.333030848)
(3.289815436 -2.651963312 2.651963312)
(3.289815436 -2.497213812 3.959811937)
(3.289815436 -2.332405936 5.255506053)
(3.289815436 -2.249008727 6.571595054)
(3.289815436 -4.2 0)
(3.289815436 -4.148149175 1.259180694)
(3.289815436 -3.959811937 2.497213812)
(3.289815436 -3.718621171 3.718621171)
(3.289815436 -3.462342843 4.921796766)
(3.289815436 -3.328180512 6.155564689)
(3.289815436 -5.6 0)
(3.289815436 -5.518743968 1.180301352)
(3.289815436 -5.255506053 2.332405936)
(3.289815436 -4.921796766 3.462342843)
(3.289815436 -4.56797073 4.56797073)
(3.289815436 -4.376966025 5.714388388)
(3.289815436 -7 0)
(3.289815436 -6.899536204 1.142127343)
(3.289815436 -6.571595054 2.249008727)
(3.289815436 -6.155564689 3.328180512)
(3.289815436 -5.714388388 4.376966025)
(3.289815436 -5.47673875 5.47673875)
(5 0 0)
(5 0 1.4)
(5 0 2.8)
(5 0 4.2)
(5 0 5.6)
(5 0 7)
(5 -1.4 0)
(5 -1.389263159 1.389263159)
(5 -1.333030848 2.771477127)
(5 -1.259180694 4.148149175)
(5 -1.180301352 5.518743968)
(5 -1.142127343 6.899536204)
(5 -2.8 0)
(5 -2.771477127 1.333030848)
(5 -2.651963312 2.651963312)
(5 -2.497213812 3.959811937)
(5 -2.332405936 5.255506053)
(5 -2.249008727 6.571595054)
(5 -4.2 0)
(5 -4.148149175 1.259180694)
(5 -3.959811937 2.497213812)
(5 -3.718621171 3.718621171)
(5 -3.462342843 4.921796766)
(5 -3.328180512 6.155564689)
(5 -5.6 0)
(5 -5.518743968 1.180301352)
(5 -5.255506053 2.332405936)
(5 -4.921796766 3.462342843)
(5 -4.56797073 4.56797073)
(5 -4.376966025 5.714388388)
(5 -7 0)
(5 -6.899536204 1.142127343)
(5 -6.571595054 2.249008727)
(5 -6.155564689 3.328180512)
(5 -5.714388388 4.376966025)
(5 -5.47673875 5.47673875)
(0 0 -7)
(0 0 -5.6)
(0 0 -4.2)
(0 0 -2.8)
(0 0 -1.4)
(0 -1.142127343 -6.899536204)
(0 -1.180301352 -5.518743968)
(0 -1.259180694 -4.148149175)
(0 -1.333030848 -2.771477127)
(0 -1.389263159 -1.389263159)
(0 -2.249008727 -6.571595054)
(0 -2.332405936 -5.255506053)
(0 -2.497213812 -3.959811937)
(0 -2.651963312 -2.651963312)
(0 -2.771477127 -1.333030848)
(0 -3.328180512 -6.155564689)
(0 -3.462342843 -4.921796766)
(0 -3.718621171 -3.718621171)
(0 -3.959811937 -2.497213812)
(0 -4.148149175 -1.259180694)
(0 -4.376966025 -5.714388388)
(0 -4.56797073 -4.56797073)
(0 -4.921796766 -3.462342843)
(0 -5.255506053 -2.332405936)
(0 -5.518743968 -1.180301352)
(0 -5.47673875 -5.47673875)
(0 -5.714388388 -4.376966025)
(0 -6.155564689 -3.328180512)
(0 -6.571595054 -2.249008727)
(0 -6.899536204 -1.142127343)
(0.8550922821 0 -7)
(0.8550922821 0 -5.6)
(0.8550922821 0 -4.2)
(0.8550922821 0 -2.8)
(0.8550922821 0 -1.4)
(0.8550922821 -1.142127343 -6.899536204)
(0.8550922821 -1.180301352 -5.518743968)
(0.8550922821 -1.259180694 -4.148149175)
(0.8550922821 -1.333030848 -2.771477127)
(0.8550922821 -1.389263159 -1.389263159)
(0.8550922821 -2.249008727 -6.571595054)
(0.8550922821 -2.332405936 -5.255506053)
(0.8550922821 -2.497213812 -3.959811937)
(0.8550922821 -2.651963312 -2.651963312)
(0.8550922821 -2.771477127 -1.333030848)
(0.8550922821 -3.328180512 -6.155564689)
(0.8550922821 -3.462342843 -4.921796766)
(0.8550922821 -3.718621171 -3.718621171)
(0.8550922821 -3.959811937 -2.497213812)
(0.8550922821 -4.148149175 -1.259180694)
(0.8550922821 -4.376966025 -5.714388388)
(0.8550922821 -4.56797073 -4.56797073)
(0.8550922821 -4.921796766 -3.462342843)
(0.8550922821 -5.255506053 -2.332405936)
(0.8550922821 -5.518743968 -1.180301352)
(0.8550922821 -5.47673875 -5.47673875)
(0.8550922821 -5.714388388 -4.376966025)
(0.8550922821 -6.155564689 -3.328180512)
(0.8550922821 -6.571595054 -2.249008727)
(0.8550922821 -6.899536204 -1.142127343)
(1.932441048 0 -7)
(1.932441048 0 -5.6)
(1.932441048 0 -4.2)
(1.932441048 0 -2.8)
(1.932441048 0 -1.4)
(1.932441048 -1.142127343 -6.899536204)
(1.932441048 -1.180301352 -5.518743968)
(1.932441048 -1.259180694 -4.148149175)
(1.932441048 -1.333030848 -2.771477127)
(1.932441048 -1.389263159 -1.389263159)
(1.932441048 -2.249008727 -6.571595054)
(1.932441048 -2.332405936 -5.255506053)
(1.932441048 -2.497213812 -3.959811937)
(1.932441048 -2.651963312 -2.651963312)
(1.932441048 -2.771477127 -1.333030848)
(1.932441048 -3.328180512 -6.155564689)
(1.932441048 -3.462342843 -4.921796766)
(1.932441048 -3.718621171 -3.718621171)
(1.932441048 -3.959811937 -2.497213812)
(1.932441048 -4.148149175 -1.259180694)
(1.932441048 -4.376966025 -5.714388388)
(1.932441048 -4.56797073 -4.56797073)
(1.932441048 -4.921796766 -3.462342843)
(1.932441048 -5.255506053 -2.332405936)
(1.932441048 -5.518743968 -1.180301352)
(1.932441048 -5.47673875 -5.47673875)
(1.932441048 -5.714388388 -4.376966025)
(1.932441048 -6.155564689 -3.328180512)
(1.932441048 -6.571595054 -2.249008727)
(1.932441048 -6.899536204 -1.142127343)
(3.289815436 0 -7)
(3.289815436 0 -5.6)
(3.289815436 0 -4.2)
(3.289815436 0 -2.8)
(3.289815436 0 -1.4)
(3.289815436 -1.142127343 -6.899536204)
(3.289815436 -1.180301352 -5.518743968)
(3.289815436 -1.259180694 -4.148149175)
(3.289815436 -1.333030848 -2.771477127)
(3.289815436 -1.389263159 -1.389263159)
(3.289815436 -2.249008727 -6.571595054)
(3.289815436 -2.332405936 -5.255506053)
(3.289815436 -2.497213812 -3.959811937)
(3.289815436 -2.651963312 -2.651963312)
(3.289815436 -2.771477127 -1.333030848)
(3.289815436 -3.328180512 -6.155564689)
(3.289815436 -3.462342843 -4.921796766)
(3.289815436 -3.718621171 -3.718621171)
(3.289815436 -3.959811937 -2.497213812)
(3.289815436 -4.148149175 -1.259180694)
(3.289815436 -4.376966025 -5.714388388)
(3.289815436 -4.56797073 -4.56797073)
(3.289815436 -4.921796766 -3.462342843)
(3.289815436 -5.255506053 -2.332405936)
(3.289815436 -5.518743968 -1.180301352)
(3.289815436 -5.47673875 -5.47673875)
(3.289815436 -5.714388388 -4.376966025)
(3.289815436 -6.155564689 -3.328180512)
(3.289815436 -6.571595054 -2.249008727)
(3.289815436 -6.899536204 -1.142127343)
(5 0 -7)
(5 0 -5.6)
(5 0 -4.2)
(5 0 -2.8)
(5 0 -1.4)
(5 -1.142127343 -6.899536204)
(5 -1.180301352 -5.518743968)
(5 -1.259180694 -4.148149175)
(5 -1.333030848 -2.771477127)
(5 -1.389263159 -1.389263159)
(5 -2.249008727 -6.571595054)
(5 -2.332405936 -5.255506053)
(5 -2.497213812 -3.959811937)
(5 -2.651963312 -2.651963312)
(5 -2.771477127 -1.333030848)
(5 -3.328180512 -6.155564689)
(5 -3.462342843 -4.921796766)
(5 -3.718621171 -3.718621171)
(5 -3.959811937 -2.497213812)
(5 -4.148149175 -1.259180694)
(5 -4.376966025 -5.714388388)
(5 -4.56797073 -4.56797073)
(5 -4.921796766 -3.462342843)
(5 -5.255506053 -2.332405936)
(5 -5.518743968 -1.180301352)
(5 -5.47673875 -5.47673875)
(5 -5.714388388 -4.376966025)
(5 -6.155564689 -3.328180512)
(5 -6.571595054 -2.249008727)
(5 -6.899536204 -1.142127343)
(0 5.47673875 -5.47673875)
(0 5.714388388 -4.376966025)
(0 6.155564689 -3.328180512)
(0 6.571595054 -2.249008727)
(0 6.899536204 -1.142127343)
(0 7 0)
(0 4.376966025 -5.714388388)
(0 4.56797073 -4.56797073)
(0 4.921796766 -3.462342843)
(0 5.255506053 -2.332405936)
(0 5.518743968 -1.180301352)
(0 5.6 0)
(0 3.328180512 -6.155564689)
(0 3.462342843 -4.921796766)
(0 3.718621171 -3.718621171)
(0 3.959811937 -2.497213812)
(0 4.148149175 -1.259180694)
(0 4.2 0)
(0 2.249008727 -6.571595054)
(0 2.332405936 -5.255506053)
(0 2.497213812 -3.959811937)
(0 2.651963312 -2.651963312)
(0 2.771477127 -1.333030848)
(0 2.8 0)
(0 1.142127343 -6.899536204)
(0 1.180301352 -5.518743968)
(0 1.259180694 -4.148149175)
(0 1.333030848 -2.771477127)
(0 1.389263159 -1.389263159)
(0 1.4 0)
(0.8550922821 5.47673875 -5.47673875)
(0.8550922821 5.714388388 -4.376966025)
(0.8550922821 6.155564689 -3.328180512)
(0.8550922821 6.571595054 -2.249008727)
(0.8550922821 6.899536204 -1.142127343)
(0.8550922821 7 0)
(0.8550922821 4.376966025 -5.714388388)
(0.8550922821 4.56797073 -4.56797073)
(0.8550922821 4.921796766 -3.462342843)
(0.8550922821 5.255506053 -2.332405936)
(0.8550922821 5.518743968 -1.180301352)
(0.8550922821 5.6 0)
(0.8550922821 3.328180512 -6.155564689)
(0.8550922821 3.462342843 -4.921796766)
(0.8550922821 3.718621171 -3.718621171)
(0.8550922821 3.959811937 -2.497213812)
(0.8550922821 4.148149175 -1.259180694)
(0.8550922821 4.2 0)
(0.8550922821 2.249008727 -6.571595054)
(0.8550922821 2.332405936 -5.255506053)
(0.8550922821 2.497213812 -3.959811937)
(0.8550922821 2.651963312 -2.651963312)
(0.8550922821 2.771477127 -1.333030848)
(0.8550922821 2.8 0)
(0.8550922821 1.142127343 -6.899536204)
(0.8550922821 1.180301352 -5.518743968)
(0.8550922821 1.259180694 -4.148149175)
(0.8550922821 1.333030848 -2.771477127)
(0.8550922821 1.389263159 -1.389263159)
(0.8550922821 1.4 0)
(1.932441048 5.47673875 -5.47673875)
(1.932441048 5.714388388 -4.376966025)
(1.932441048 6.155564689 -3.328180512)
(1.932441048 6.571595054 -2.249008727)
(1.932441048 6.899536204 -1.142127343)
(1.932441048 7 0)
(1.932441048 4.376966025 -5.714388388)
(1.932441048 4.56797073 -4.56797073)
(1.932441048 4.921796766 -3.462342843)
(1.932441048 5.255506053 -2.332405936)
(1.932441048 5.518743968 -1.180301352)
(1.932441048 5.6 0)
(1.932441048 3.328180512 -6.155564689)
(1.932441048 3.462342843 -4.921796766)
(1.932441048 3.718621171 -3.718621171)
(1.932441048 3.959811937 -2.497213812)
(1.932441048 4.148149175 -1.259180694)
(1.932441048 4.2 0)
(1.932441048 2.249008727 -6.571595054)
(1.932441048 2.332405936 -5.255506053)
(1.932441048 2.497213812 -3.959811937)
(1.932441048 2.651963312 -2.651963312)
(1.932441048 2.771477127 -1.333030848)
(1.932441048 2.8 0)
(1.932441048 1.142127343 -6.899536204)
(1.932441048 1.180301352 -5.518743968)
(1.932441048 1.259180694 -4.148149175)
(1.932441048 1.333030848 -2.771477127)
(1.932441048 1.389263159 -1.389263159)
(1.932441048 1.4 0)
(3.289815436 5.47673875 -5.47673875)
(3.289815436 5.714388388 -4.376966025)
(3.289815436 6.155564689 -3.328180512)
(3.289815436 6.571595054 -2.249008727)
(3.289815436 6.899536204 -1.142127343)
(3.289815436 7 0)
(3.289815436 4.376966025 -5.714388388)
(3.289815436 4.56797073 -4.56797073)
(3.289815436 4.921796766 -3.462342843)
(3.289815436 5.255506053 -2.332405936)
(3.289815436 5.518743968 -1.180301352)
(3.289815436 5.6 0)
(3.289815436 3.328180512 -6.155564689)
(3.289815436 3.462342843 -4.921796766)
(3.289815436 3.718621171 -3.718621171)
(3.289815436 3.959811937 -2.497213812)
(3.289815436 4.148149175 -1.259180694)
(3.289815436 4.2 0)
(3.289815436 2.249008727 -6.571595054)
(3.289815436 2.332405936 -5.255506053)
(3.289815436 2.497213812 -3.959811937)
(3.289815436 2.651963312 -2.651963312)
(3.289815436 2.771477127 -1.333030848)
(3.289815436 2.8 0)
(3.289815436 1.142127343 -6.899536204)
(3.289815436 1.180301352 -5.518743968)
(3.289815436 1.259180694 -4.148149175)
(3.289815436 1.333030848 -2.771477127)
(3.289815436 1.389263159 -1.389263159)
(3.289815436 1.4 0)
(5 5.47673875 -5.47673875)
(5 5.714388388 -4.376966025)
(5 6.155564689 -3.328180512)
(5 6.571595054 -2.249008727)
(5 6.899536204 -1.142127343)
(5 7 0)
(5 4.376966025 -5.714388388)
(5 4.56797073 -4.56797073)
(5 4.921796766 -3.462342843)
(5 5.255506053 -2.332405936)
(5 5.518743968 -1.180301352)
(5 5.6 0)
(5 3.328180512 -6.155564689)
(5 3.462342843 -4.921796766)
(5 3.718621171 -3.718621171)
(5 3.959811937 -2.497213812)
(5 4.148149175 -1.259180694)
(5 4.2 0)
(5 2.249008727 -6.571595054)
(5 2.332405936 -5.255506053)
(5 2.497213812 -3.959811937)
(5 2.651963312 -2.651963312)
(5 2.771477127 -1.333030848)
(5 2.8 0)
(5 1.142127343 -6.899536204)
(5 1.180301352 -5.518743968)
(5 1.259180694 -4.148149175)
(5 1.333030848 -2.771477127)
(5 1.389263159 -1.389263159)
(5 1.4 0)
(0 6.899536204 1.142127343)
(0 6.571595054 2.249008727)
(0 6.155564689 3.328180512)
(0 5.714388388 4.376966025)
(0 5.47673875 5.47673875)
(0 5.518743968 1.180301352)
(0 5.255506053 2.332405936)
(0 4.921796766 3.462342843)
(0 4.56797073 4.56797073)
(0 4.376966025 5.714388388)
(0 4.148149175 1.259180694)
(0 3.959811937 2.497213812)
(0 3.718621171 3.718621171)
(0 3.462342843 4.921796766)
(0 3.328180512 6.155564689)
(0 2.771477127 1.333030848)
(0 2.651963312 2.651963312)
(0 2.497213812 3.959811937)
(0 2.332405936 5.255506053)
(0 2.249008727 6.571595054)
(0 1.389263159 1.389263159)
(0 1.333030848 2.771477127)
(0 1.259180694 4.148149175)
(0 1.180301352 5.518743968)
(0 1.142127343 6.899536204)
(0.8550922821 6.899536204 1.142127343)
(0.8550922821 6.571595054 2.249008727)
(0.8550922821 6.155564689 3.328180512)
(0.8550922821 5.714388388 4.376966025)
(0.8550922821 5.47673875 5.47673875)
(0.8550922821 5.518743968 1.180301352)
(0.8550922821 5.255506053 2.332405936)
(0.8550922821 4.921796766 3.462342843)
(0.8550922821 4.56797073 4.56797073)
(0.8550922821 4.376966025 5.714388388)
(0.8550922821 4.148149175 1.259180694)
(0.8550922821 3.959811937 2.497213812)
(0.8550922821 3.718621171 3.718621171)
(0.8550922821 3.462342843 4.921796766)
(0.8550922821 3.328180512 6.155564689)
(0.8550922821 2.771477127 1.333030848)
(0.8550922821 2.651963312 2.651963312)
(0.8550922821 2.497213812 3.959811937)
(0.8550922821 2.332405936 5.255506053)
(0.8550922821 2.249008727 6.571595054)
(0.8550922821 1.389263159 1.389263159)
(0.8550922821 1.333030848 2.771477127)
(0.8550922821 1.259180694 4.148149175)
(0.8550922821 1.180301352 5.518743968)
(0.8550922821 1.142127343 6.899536204)
(1.932441048 6.899536204 1.142127343)
(1.932441048 6.571595054 2.249008727)
(1.932441048 6.155564689 3.328180512)
(1.932441048 5.714388388 4.376966025)
(1.932441048 5.47673875 5.47673875)
(1.932441048 5.518743968 1.180301352)
(1.932441048 5.255506053 2.332405936)
(1.932441048 4.921796766 3.462342843)
(1.932441048 4.56797073 4.56797073)
(1.932441048 4.376966025 5.714388388)
(1.932441048 4.148149175 1.259180694)
(1.932441048 3.959811937 2.497213812)
(1.932441048 3.718621171 3.718621171)
(1.932441048 3.462342843 4.921796766)
(1.932441048 3.328180512 6.155564689)
(1.932441048 2.771477127 1.333030848)
(1.932441048 2.651963312 2.651963312)
(1.932441048 2.497213812 3.959811937)
(1.932441048 2.332405936 5.255506053)
(1.932441048 2.249008727 6.571595054)
(1.932441048 1.389263159 1.389263159)
(1.932441048 1.333030848 2.771477127)
(1.932441048 1.259180694 4.148149175)
(1.932441048 1.180301352 5.518743968)
(1.932441048 1.142127343 6.899536204)
(3.289815436 6.899536204 1.142127343)
(3.289815436 6.571595054 2.249008727)
(3.289815436 6.155564689 3.328180512)
(3.289815436 5.714388388 4.376966025)
(3.289815436 5.47673875 5.47673875)
(3.289815436 5.518743968 1.180301352)
(3.289815436 5.255506053 2.332405936)
(3.289815436 4.921796766 3.462342843)
(3.289815436 4.56797073 4.56797073)
(3.289815436 4.376966025 5.714388388)
(3.289815436 4.148149175 1.259180694)
(3.289815436 3.959811937 2.497213812)
(3.289815436 3.718621171 3.718621171)
(3.289815436 3.462342843 4.921796766)
(3.289815436 3.328180512 6.155564689)
(3.289815436 2.771477127 1.333030848)
(3.289815436 2.651963312 2.651963312)
(3.289815436 2.497213812 3.959811937)
(3.289815436 2.332405936 5.255506053)
(3.289815436 2.249008727 6.571595054)
(3.289815436 1.389263159 1.389263159)
(3.289815436 1.333030848 2.771477127)
(3.289815436 1.259180694 4.148149175)
(3.289815436 1.180301352 5.518743968)
(3.289815436 1.142127343 6.899536204)
(5 6.899536204 1.142127343)
(5 6.571595054 2.249008727)
(5 6.155564689 3.328180512)
(5 5.714388388 4.376966025)
(5 5.47673875 5.47673875)
(5 5.518743968 1.180301352)
(5 5.255506053 2.332405936)
(5 4.921796766 3.462342843)
(5 4.56797073 4.56797073)
(5 4.376966025 5.714388388)
(5 4.148149175 1.259180694)
(5 3.959811937 2.497213812)
(5 3.718621171 3.718621171)
(5 3.462342843 4.921796766)
(5 3.328180512 6.155564689)
(5 2.771477127 1.333030848)
(5 2.651963312 2.651963312)
(5 2.497213812 3.959811937)
(5 2.332405936 5.255506053)
(5 2.249008727 6.571595054)
(5 1.389263159 1.389263159)
(5 1.333030848 2.771477127)
(5 1.259180694 4.148149175)
(5 1.180301352 5.518743968)
(5 1.142127343 6.899536204)
(0 0 7.053962013)
(0 0 7.183078958)
(0 0 7.492021945)
(0 0 8.231241492)
(0 0 10)
(0 -1.149721908 6.953090753)
(0 -1.167893711 7.081232745)
(0 -1.21137407 7.387842925)
(0 -1.315411166 8.121480675)
(0 -1.564344651 9.876883408)
(0 -2.264138978 6.624459302)
(0 -2.3003417 6.750949582)
(0 -2.38696532 7.053607651)
(0 -2.594232924 7.777789036)
(0 -3.090169945 9.510565166)
(0 -3.34997621 6.205110821)
(0 -3.402127598 6.32366172)
(0 -3.526912192 6.60732293)
(0 -3.825489 7.286049813)
(0 -4.539904998 8.910065244)
(0 -4.403962977 5.757122373)
(0 -4.468559603 5.859373592)
(0 -4.623122389 6.104033942)
(0 -4.992950602 6.689441997)
(0 -5.877852523 8.090169945)
(0 -5.505416485 5.505416485)
(0 -5.574034784 5.574034784)
(0 -5.738220379 5.738220379)
(0 -6.131073447 6.131073447)
(0 -7.07106781 7.07106781)
(0.8550922821 0 7.053962013)
(0.8550922821 0 7.183078958)
(0.8550922821 0 7.492021945)
(0.8550922821 0 8.231241492)
(0.8550922821 0 10)
(0.8550922821 -1.149721908 6.953090753)
(0.8550922821 -1.167893711 7.081232745)
(0.8550922821 -1.21137407 7.387842925)
(0.8550922821 -1.315411166 8.121480675)
(0.8550922821 -1.564344651 9.876883408)
(0.8550922821 -2.264138978 6.624459302)
(0.8550922821 -2.3003417 6.750949582)
(0.8550922821 -2.38696532 7.053607651)
(0.8550922821 -2.594232924 7.777789036)
(0.8550922821 -3.090169945 9.510565166)
(0.8550922821 -3.34997621 6.205110821)
(0.8550922821 -3.402127598 6.32366172)
(0.8550922821 -3.526912192 6.60732293)
(0.8550922821 -3.825489 7.286049813)
(0.8550922821 -4.539904998 8.910065244)
(0.8550922821 -4.403962977 5.757122373)
(0.8550922821 -4.468559603 5.859373592)
(0.8550922821 -4.623122389 6.104033942)
(0.8550922821 -4.992950602 6.689441997)
(0.8550922821 -5.877852523 8.090169945)
(0.8550922821 -5.505416485 5.505416485)
(0.8550922821 -5.574034784 5.574034784)
(0.8550922821 -5.738220379 5.738220379)
(0.8550922821 -6.131073447 6.131073447)
(0.8550922821 -7.07106781 7.07106781)
(1.932441048 0 7.053962013)
(1.932441048 0 7.183078958)
(1.932441048 0 7.492021945)
(1.932441048 0 8.231241492)
(1.932441048 0 10)
(1.932441048 -1.149721908 6.953090753)
(1.932441048 -1.167893711 7.081232745)
(1.932441048 -1.21137407 7.387842925)
(1.932441048 -1.315411166 8.121480675)
(1.932441048 -1.564344651 9.876883408)
(1.932441048 -2.264138978 6.624459302)
(1.932441048 -2.3003417 6.750949582)
(1.932441048 -2.38696532 7.053607651)
(1.932441048 -2.594232924 7.777789036)
(1.932441048 -3.090169945 9.510565166)
(1.932441048 -3.34997621 6.205110821)
(1.932441048 -3.402127598 6.32366172)
(1.932441048 -3.526912192 6.60732293)
(1.932441048 -3.825489 7.286049813)
(1.932441048 -4.539904998 8.910065244)
(1.932441048 -4.403962977 5.757122373)
(1.932441048 -4.468559603 5.859373592)
(1.932441048 -4.623122389 6.104033942)
(1.932441048 -4.992950602 6.689441997)
(1.932441048 -5.877852523 8.090169945)
(1.932441048 -5.505416485 5.505416485)
(1.932441048 -5.574034784 5.574034784)
(1.932441048 -5.738220379 5.738220379)
(1.932441048 -6.131073447 6.131073447)
(1.932441048 -7.07106781 7.07106781)
(3.289815436 0 7.053962013)
(3.289815436 0 7.183078958)
(3.289815436 0 7.492021945)
(3.289815436 0 8.231241492)
(3.289815436 0 10)
(3.289815436 -1.149721908 6.953090753)
(3.289815436 -1.167893711 7.081232745)
(3.289815436 -1.21137407 7.387842925)
(3.289815436 -1.315411166 8.121480675)
(3.289815436 -1.564344651 9.876883408)
(3.289815436 -2.264138978 6.624459302)
(3.289815436 -2.3003417 6.750949582)
(3.289815436 -2.38696532 7.053607651)
(3.289815436 -2.594232924 7.777789036)
(3.289815436 -3.090169945 9.510565166)
(3.289815436 -3.34997621 6.205110821)
(3.289815436 -3.402127598 6.32366172)
(3.289815436 -3.526912192 6.60732293)
(3.289815436 -3.825489 7.286049813)
(3.289815436 -4.539904998 8.910065244)
(3.289815436 -4.403962977 5.757122373)
(3.289815436 -4.468559603 5.859373592)
(3.289815436 -4.623122389 6.104033942)
(3.289815436 -4.992950602 6.689441997)
(3.289815436 -5.877852523 8.090169945)
(3.289815436 -5.505416485 5.505416485)
(3.289815436 -5.574034784 5.574034784)
(3.289815436 -5.738220379 5.738220379)
(3.289815436 -6.131073447 6.131073447)
(3.289815436 -7.07106781 7.07106781)
(5 0 7.053962013)
(5 0 7.183078958)
(5 0 7.492021945)
(5 0 8.231241492)
(5 0 10)
(5 -1.149721908 6.953090753)
(5 -1.167893711 7.081232745)
(5 -1.21137407 7.387842925)
(5 -1.315411166 8.121480675)
(5 -1.564344651 9.876883408)
(5 -2.264138978 6.624459302)
(5 -2.3003417 6.750949582)
(5 -2.38696532 7.053607651)
(5 -2.594232924 7.777789036)
(5 -3.090169945 9.510565166)
(5 -3.34997621 6.205110821)
(5 -3.402127598 6.32366172)
(5 -3.526912192 6.60732293)
(5 -3.825489 7.286049813)
(5 -4.539904998 8.910065244)
(5 -4.403962977 5.757122373)
(5 -4.468559603 5.859373592)
(5 -4.623122389 6.104033942)
(5 -4.992950602 6.689441997)
(5 -5.877852523 8.090169945)
(5 -5.505416485 5.505416485)
(5 -5.574034784 5.574034784)
(5 -5.738220379 5.738220379)
(5 -6.131073447 6.131073447)
(5 -7.07106781 7.07106781)
(0 -5.757122373 4.403962977)
(0 -5.859373592 4.468559603)
(0 -6.104033942 4.623122389)
(0 -6.689441997 4.992950602)
(0 -8.090169945 5.877852523)
(0 -6.205110821 3.34997621)
(0 -6.32366172 3.402127598)
(0 -6.60732293 3.526912192)
(0 -7.286049813 3.825489)
(0 -8.910065244 4.539904998)
(0 -6.624459302 2.264138978)
(0 -6.750949582 2.3003417)
(0 -7.053607651 2.38696532)
(0 -7.777789036 2.594232924)
(0 -9.510565166 3.090169945)
(0 -6.953090753 1.149721908)
(0 -7.081232745 1.167893711)
(0 -7.387842925 1.21137407)
(0 -8.121480675 1.315411166)
(0 -9.876883408 1.564344651)
(0 -7.053962013 0)
(0 -7.183078958 0)
(0 -7.492021945 0)
(0 -8.231241492 0)
(0 -10 0)
(0.8550922821 -5.757122373 4.403962977)
(0.8550922821 -5.859373592 4.468559603)
(0.8550922821 -6.104033942 4.623122389)
(0.8550922821 -6.689441997 4.992950602)
(0.8550922821 -8.090169945 5.877852523)
(0.8550922821 -6.205110821 3.34997621)
(0.8550922821 -6.32366172 3.402127598)
(0.8550922821 -6.60732293 3.526912192)
(0.8550922821 -7.286049813 3.825489)
(0.8550922821 -8.910065244 4.539904998)
(0.8550922821 -6.624459302 2.264138978)
(0.8550922821 -6.750949582 2.3003417)
(0.8550922821 -7.053607651 2.38696532)
(0.8550922821 -7.777789036 2.594232924)
(0.8550922821 -9.510565166 3.090169945)
(0.8550922821 -6.953090753 1.149721908)
(0.8550922821 -7.081232745 1.167893711)
(0.8550922821 -7.387842925 1.21137407)
(0.8550922821 -8.121480675 1.315411166)
(0.8550922821 -9.876883408 1.564344651)
(0.8550922821 -7.053962013 0)
(0.8550922821 -7.183078958 0)
(0.8550922821 -7.492021945 0)
(0.8550922821 -8.231241492 0)
(0.8550922821 -10 0)
(1.932441048 -5.757122373 4.403962977)
(1.932441048 -5.859373592 4.468559603)
(1.932441048 -6.104033942 4.623122389)
(1.932441048 -6.689441997 4.992950602)
(1.932441048 -8.090169945 5.877852523)
(1.932441048 -6.205110821 3.34997621)
(1.932441048 -6.32366172 3.402127598)
(1.932441048 -6.60732293 3.526912192)
(1.932441048 -7.286049813 3.825489)
(1.932441048 -8.910065244 4.539904998)
(1.932441048 -6.624459302 2.264138978)
(1.932441048 -6.750949582 2.3003417)
(1.932441048 -7.053607651 2.38696532)
(1.932441048 -7.777789036 2.594232924)
(1.932441048 -9.510565166 3.090169945)
(1.932441048 -6.953090753 1.149721908)
(1.932441048 -7.081232745 1.167893711)
(1.932441048 -7.387842925 1.21137407)
(1.932441048 -8.121480675 1.315411166)
(1.932441048 -9.876883408 1.564344651)
(1.932441048 -7.053962013 0)
(1.932441048 -7.183078958 0)
(1.932441048 -7.492021945 0)
(1.932441048 -8.231241492 0)
(1.932441048 -10 0)
(3.289815436 -5.757122373 4.403962977)
(3.289815436 -5.859373592 4.468559603)
(3.289815436 -6.104033942 4.623122389)
(3.289815436 -6.689441997 4.992950602)
(3.289815436 -8.090169945 5.877852523)
(3.289815436 -6.205110821 3.34997621)
(3.289815436 -6.32366172 3.402127598)
(3.289815436 -6.60732293 3.526912192)
(3.289815436 -7.286049813 3.825489)
(3.289815436 -8.910065244 4.539904998)
(3.289815436 -6.624459302 2.264138978)
(3.289815436 -6.750949582 2.3003417)
(3.289815436 -7.053607651 2.38696532)
(3.289815436 -7.777789036 2.594232924)
(3.289815436 -9.510565166 3.090169945)
(3.289815436 -6.953090753 1.149721908)
(3.289815436 -7.081232745 1.167893711)
(3.289815436 -7.387842925 1.21137407)
(3.289815436 -8.121480675 1.315411166)
(3.289815436 -9.876883408 1.564344651)
(3.289815436 -7.053962013 0)
(3.289815436 -7.183078958 0)
(3.289815436 -7.492021945 0)
(3.289815436 -8.231241492 0)
(3.289815436 -10 0)
(5 -5.757122373 4.403962977)
(5 -5.859373592 4.468559603)
(5 -6.104033942 4.623122389)
(5 -6.689441997 4.992950602)
(5 -8.090169945 5.877852523)
(5 -6.205110821 3.34997621)
(5 -6.32366172 3.402127598)
(5 -6.60732293 3.526912192)
(5 -7.286049813 3.825489)
(5 -8.910065244 4.539904998)
(5 -6.624459302 2.264138978)
(5 -6.750949582 2.3003417)
(5 -7.053607651 2.38696532)
(5 -7.777789036 2.594232924)
(5 -9.510565166 3.090169945)
(5 -6.953090753 1.149721908)
(5 -7.081232745 1.167893711)
(5 -7.387842925 1.21137407)
(5 -8.121480675 1.315411166)
(5 -9.876883408 1.564344651)
(5 -7.053962013 0)
(5 -7.183078958 0)
(5 -7.492021945 0)
(5 -8.231241492 0)
(5 -10 0)
(0 -6.953090753 -1.149721908)
(0 -7.081232745 -1.167893711)
(0 -7.387842925 -1.21137407)
(0 -8.121480675 -1.315411166)
(0 -9.876883408 -1.564344651)
(0 -6.624459302 -2.264138978)
(0 -6.750949582 -2.3003417)
(0 -7.053607651 -2.38696532)
(0 -7.777789036 -2.594232924)
(0 -9.510565166 -3.090169945)
(0 -6.205110821 -3.34997621)
(0 -6.32366172 -3.402127598)
(0 -6.60732293 -3.526912192)
(0 -7.286049813 -3.825489)
(0 -8.910065244 -4.539904998)
(0 -5.757122373 -4.403962977)
(0 -5.859373592 -4.468559603)
(0 -6.104033942 -4.623122389)
(0 -6.689441997 -4.992950602)
(0 -8.090169945 -5.877852523)
(0 -5.505416485 -5.505416485)
(0 -5.574034784 -5.574034784)
(0 -5.738220379 -5.738220379)
(0 -6.131073447 -6.131073447)
(0 -7.07106781 -7.07106781)
(0.8550922821 -6.953090753 -1.149721908)
(0.8550922821 -7.081232745 -1.167893711)
(0.8550922821 -7.387842925 -1.21137407)
(0.8550922821 -8.121480675 -1.315411166)
(0.8550922821 -9.876883408 -1.564344651)
(0.8550922821 -6.624459302 -2.264138978)
(0.8550922821 -6.750949582 -2.3003417)
(0.8550922821 -7.053607651 -2.38696532)
(0.8550922821 -7.777789036 -2.594232924)
(0.8550922821 -9.510565166 -3.090169945)
(0.8550922821 -6.205110821 -3.34997621)
(0.8550922821 -6.32366172 -3.402127598)
(0.8550922821 -6.60732293 -3.526912192)
(0.8550922821 -7.286049813 -3.825489)
(0.8550922821 -8.910065244 -4.539904998)
(0.8550922821 -5.757122373 -4.403962977)
(0.8550922821 -5.859373592 -4.468559603)
(0.8550922821 -6.104033942 -4.623122389)
(0.8550922821 -6.689441997 -4.992950602)
(0.8550922821 -8.090169945 -5.877852523)
(0.8550922821 -5.505416485 -5.505416485)
(0.8550922821 -5.574034784 -5.574034784)
(0.8550922821 -5.738220379 -5.738220379)
(0.8550922821 -6.131073447 -6.131073447)
(0.8550922821 -7.07106781 -7.07106781)
(1.932441048 -6.953090753 -1.149721908)
(1.932441048 -7.081232745 -1.167893711)
(1.932441048 -7.387842925 -1.21137407)
(1.932441048 -8.121480675 -1.315411166)
(1.932441048 -9.876883408 -1.564344651)
(1.932441048 -6.624459302 -2.264138978)
(1.932441048 -6.750949582 -2.3003417)
(1.932441048 -7.053607651 -2.38696532)
(1.932441048 -7.777789036 -2.594232924)
(1.932441048 -9.510565166 -3.090169945)
(1.932441048 -6.205110821 -3.34997621)
(1.932441048 -6.32366172 -3.402127598)
(1.932441048 -6.60732293 -3.526912192)
(1.932441048 -7.286049813 -3.825489)
(1.932441048 -8.910065244 -4.539904998)
(1.932441048 -5.757122373 -4.403962977)
(1.932441048 -5.859373592 -4.468559603)
(1.932441048 -6.104033942 -4.623122389)
(1.932441048 -6.689441997 -4.992950602)
(1.932441048 -8.090169945 -5.877852523)
(1.932441048 -5.505416485 -5.505416485)
(1.932441048 -5.574034784 -5.574034784)
(1.932441048 -5.738220379 -5.738220379)
(1.932441048 -6.131073447 -6.131073447)
(1.932441048 -7.07106781 -7.07106781)
(3.289815436 -6.953090753 -1.149721908)
(3.289815436 -7.081232745 -1.167893711)
(3.289815436 -7.387842925 -1.21137407)
(3.289815436 -8.121480675 -1.315411166)
(3.289815436 -9.876883408 -1.564344651)
(3.289815436 -6.624459302 -2.264138978)
(3.289815436 -6.750949582 -2.3003417)
(3.289815436 -7.053607651 -2.38696532)
(3.289815436 -7.777789036 -2.594232924)
(3.289815436 -9.510565166 -3.090169945)
(3.289815436 -6.205110821 -3.34997621)
(3.289815436 -6.32366172 -3.402127598)
(3.289815436 -6.60732293 -3.526912192)
(3.289815436 -7.286049813 -3.825489)
(3.289815436 -8.910065244 -4.539904998)
(3.289815436 -5.757122373 -4.403962977)
(3.289815436 -5.859373592 -4.468559603)
(3.289815436 -6.104033942 -4.623122389)
(3.289815436 -6.689441997 -4.992950602)
(3.289815436 -8.090169945 -5.877852523)
(3.289815436 -5.505416485 -5.505416485)
(3.289815436 -5.574034784 -5.574034784)
(3.289815436 -5.738220379 -5.738220379)
(3.289815436 -6.131073447 -6.131073447)
(3.289815436 -7.07106781 -7.07106781)
(5 -6.953090753 -1.149721908)
(5 -7.081232745 -1.167893711)
(5 -7.387842925 -1.21137407)
(5 -8.121480675 -1.315411166)
(5 -9.876883408 -1.564344651)
(5 -6.624459302 -2.264138978)
(5 -6.750949582 -2.3003417)
(5 -7.053607651 -2.38696532)
(5 -7.777789036 -2.594232924)
(5 -9.510565166 -3.090169945)
(5 -6.205110821 -3.34997621)
(5 -6.32366172 -3.402127598)
(5 -6.60732293 -3.526912192)
(5 -7.286049813 -3.825489)
(5 -8.910065244 -4.539904998)
(5 -5.757122373 -4.403962977)
(5 -5.859373592 -4.468559603)
(5 -6.104033942 -4.623122389)
(5 -6.689441997 -4.992950602)
(5 -8.090169945 -5.877852523)
(5 -5.505416485 -5.505416485)
(5 -5.574034784 -5.574034784)
(5 -5.738220379 -5.738220379)
(5 -6.131073447 -6.131073447)
(5 -7.07106781 -7.07106781)
(0 -4.403962977 -5.757122373)
(0 -4.468559603 -5.859373592)
(0 -4.623122389 -6.104033942)
(0 -4.992950602 -6.689441997)
(0 -5.877852523 -8.090169945)
(0 -3.34997621 -6.205110821)
(0 -3.402127598 -6.32366172)
(0 -3.526912192 -6.60732293)
(0 -3.825489 -7.286049813)
(0 -4.539904998 -8.910065244)
(0 -2.264138978 -6.624459302)
(0 -2.3003417 -6.750949582)
(0 -2.38696532 -7.053607651)
(0 -2.594232924 -7.777789036)
(0 -3.090169945 -9.510565166)
(0 -1.149721908 -6.953090753)
(0 -1.167893711 -7.081232745)
(0 -1.21137407 -7.387842925)
(0 -1.315411166 -8.121480675)
(0 -1.564344651 -9.876883408)
(0 0 -7.053962013)
(0 0 -7.183078958)
(0 0 -7.492021945)
(0 0 -8.231241492)
(0 0 -10)
(0.8550922821 -4.403962977 -5.757122373)
(0.8550922821 -4.468559603 -5.859373592)
(0.8550922821 -4.623122389 -6.104033942)
(0.8550922821 -4.992950602 -6.689441997)
(0.8550922821 -5.877852523 -8.090169945)
(0.8550922821 -3.34997621 -6.205110821)
(0.8550922821 -3.402127598 -6.32366172)
(0.8550922821 -3.526912192 -6.60732293)
(0.8550922821 -3.825489 -7.286049813)
(0.8550922821 -4.539904998 -8.910065244)
(0.8550922821 -2.264138978 -6.624459302)
(0.8550922821 -2.3003417 -6.750949582)
(0.8550922821 -2.38696532 -7.053607651)
(0.8550922821 -2.594232924 -7.777789036)
(0.8550922821 -3.090169945 -9.510565166)
(0.8550922821 -1.149721908 -6.953090753)
(0.8550922821 -1.167893711 -7.081232745)
(0.8550922821 -1.21137407 -7.387842925)
(0.8550922821 -1.315411166 -8.121480675)
(0.8550922821 -1.564344651 -9.876883408)
(0.8550922821 0 -7.053962013)
(0.8550922821 0 -7.183078958)
(0.8550922821 0 -7.492021945)
(0.8550922821 0 -8.231241492)
(0.8550922821 0 -10)
(1.932441048 -4.403962977 -5.757122373)
(1.932441048 -4.468559603 -5.859373592)
(1.932441048 -4.623122389 -6.104033942)
(1.932441048 -4.992950602 -6.689441997)
(1.932441048 -5.877852523 -8.090169945)
(1.932441048 -3.34997621 -6.205110821)
(1.932441048 -3.402127598 -6.32366172)
(1.932441048 -3.526912192 -6.60732293)
(1.932441048 -3.825489 -7.286049813)
(1.932441048 -4.539904998 -8.910065244)
(1.932441048 -2.264138978 -6.624459302)
(1.932441048 -2.3003417 -6.750949582)
(1.932441048 -2.38696532 -7.053607651)
(1.932441048 -2.594232924 -7.777789036)
(1.932441048 -3.090169945 -9.510565166)
(1.932441048 -1.149721908 -6.953090753)
(1.932441048 -1.167893711 -7.081232745)
(1.932441048 -1.21137407 -7.387842925)
(1.932441048 -1.315411166 -8.121480675)
(1.932441048 -1.564344651 -9.876883408)
(1.932441048 0 -7.053962013)
(1.932441048 0 -7.183078958)
(1.932441048 0 -7.492021945)
(1.932441048 0 -8.231241492)
(1.932441048 0 -10)
(3.289815436 -4.403962977 -5.757122373)
(3.289815436 -4.468559603 -5.859373592)
(3.289815436 -4.623122389 -6.104033942)
(3.289815436 -4.992950602 -6.689441997)
(3.289815436 -5.877852523 -8.090169945)
(3.289815436 -3.34997621 -6.205110821)
(3.289815436 -3.402127598 -6.32366172)
(3.289815436 -3.526912192 -6.60732293)
(3.289815436 -3.825489 -7.286049813)
(3.289815436 -4.539904998 -8.910065244)
(3.289815436 -2.264138978 -6.624459302)
(3.289815436 -2.3003417 -6.750949582)
(3.289815436 -2.38696532 -7.053607651)
(3.289815436 -2.594232924 -7.777789036)
(3.289815436 -3.090169945 -9.510565166)
(3.289815436 -1.149721908 -6.953090753)
(3.289815436 -1.167893711 -7.081232745)
(3.289815436 -1.21137407 -7.387842925)
(3.289815436 -1.315411166 -8.121480675)
(3.289815436 -1.564344651 -9.876883408)
(3.289815436 0 -7.053962013)
(3.289815436 0 -7.183078958)
(3.289815436 0 -7.492021945)
(3.289815436 0 -8.231241492)
(3.289815436 0 -10)
(5 -4.403962977 -5.757122373)
(5 -4.468559603 -5.859373592)
(5 -4.623122389 -6.104033942)
(5 -4.992950602 -6.689441997)
(5 -5.877852523 -8.090169945)
(5 -3.34997621 -6.205110821)
(5 -3.402127598 -6.32366172)
(5 -3.526912192 -6.60732293)
(5 -3.825489 -7.286049813)
(5 -4.539904998 -8.910065244)
(5 -2.264138978 -6.624459302)
(5 -2.3003417 -6.750949582)
(5 -2.38696532 -7.053607651)
(5 -2.594232924 -7.777789036)
(5 -3.090169945 -9.510565166)
(5 -1.149721908 -6.953090753)
(5 -1.167893711 -7.081232745)
(5 -1.21137407 -7.387842925)
(5 -1.315411166 -8.121480675)
(5 -1.564344651 -9.876883408)
(5 0 -7.053962013)
(5 0 -7.183078958)
(5 0 -7.492021945)
(5 0 -8.231241492)
(5 0 -10)
(0 1.149721908 -6.953090753)
(0 1.167893711 -7.081232745)
(0 1.21137407 -7.387842925)
(0 1.315411166 -8.121480675)
(0 1.564344651 -9.876883408)
(0 2.264138978 -6.624459302)
(0 2.3003417 -6.750949582)
(0 2.38696532 -7.053607651)
(0 2.594232924 -7.777789036)
(0 3.090169945 -9.510565166)
(0 3.34997621 -6.205110821)
(0 3.402127598 -6.32366172)
(0 3.526912192 -6.60732293)
(0 3.825489 -7.286049813)
(0 4.539904998 -8.910065244)
(0 4.403962977 -5.757122373)
(0 4.468559603 -5.859373592)
(0 4.623122389 -6.104033942)
(0 4.992950602 -6.689441997)
(0 5.877852523 -8.090169945)
(0 5.505416485 -5.505416485)
(0 5.574034784 -5.574034784)
(0 5.738220379 -5.738220379)
(0 6.131073447 -6.131073447)
(0 7.07106781 -7.07106781)
(0.8550922821 1.149721908 -6.953090753)
(0.8550922821 1.167893711 -7.081232745)
(0.8550922821 1.21137407 -7.387842925)
(0.8550922821 1.315411166 -8.121480675)
(0.8550922821 1.564344651 -9.876883408)
(0.8550922821 2.264138978 -6.624459302)
(0.8550922821 2.3003417 -6.750949582)
(0.8550922821 2.38696532 -7.053607651)
(0.8550922821 2.594232924 -7.777789036)
(0.8550922821 3.090169945 -9.510565166)
(0.8550922821 3.34997621 -6.205110821)
(0.8550922821 3.402127598 -6.32366172)
(0.8550922821 3.526912192 -6.60732293)
(0.8550922821 3.825489 -7.286049813)
(0.8550922821 4.539904998 -8.910065244)
(0.8550922821 4.403962977 -5.757122373)
(0.8550922821 4.468559603 -5.859373592)
(0.8550922821 4.623122389 -6.104033942)
(0.8550922821 4.992950602 -6.689441997)
(0.8550922821 5.877852523 -8.090169945)
(0.8550922821 5.505416485 -5.505416485)
(0.8550922821 5.574034784 -5.574034784)
(0.8550922821 5.738220379 -5.738220379)
(0.8550922821 6.131073447 -6.131073447)
(0.8550922821 7.07106781 -7.07106781)
(1.932441048 1.149721908 -6.953090753)
(1.932441048 1.167893711 -7.081232745)
(1.932441048 1.21137407 -7.387842925)
(1.932441048 1.315411166 -8.121480675)
(1.932441048 1.564344651 -9.876883408)
(1.932441048 2.264138978 -6.624459302)
(1.932441048 2.3003417 -6.750949582)
(1.932441048 2.38696532 -7.053607651)
(1.932441048 2.594232924 -7.777789036)
(1.932441048 3.090169945 -9.510565166)
(1.932441048 3.34997621 -6.205110821)
(1.932441048 3.402127598 -6.32366172)
(1.932441048 3.526912192 -6.60732293)
(1.932441048 3.825489 -7.286049813)
(1.932441048 4.539904998 -8.910065244)
(1.932441048 4.403962977 -5.757122373)
(1.932441048 4.468559603 -5.859373592)
(1.932441048 4.623122389 -6.104033942)
(1.932441048 4.992950602 -6.689441997)
(1.932441048 5.877852523 -8.090169945)
(1.932441048 5.505416485 -5.505416485)
(1.932441048 5.574034784 -5.574034784)
(1.932441048 5.738220379 -5.738220379)
(1.932441048 6.131073447 -6.131073447)
(1.932441048 7.07106781 -7.07106781)
(3.289815436 1.149721908 -6.953090753)
(3.289815436 1.167893711 -7.081232745)
(3.289815436 1.21137407 -7.387842925)
(3.289815436 1.315411166 -8.121480675)
(3.289815436 1.564344651 -9.876883408)
(3.289815436 2.264138978 -6.624459302)
(3.289815436 2.3003417 -6.750949582)
(3.289815436 2.38696532 -7.053607651)
(3.289815436 2.594232924 -7.777789036)
(3.289815436 3.090169945 -9.510565166)
(3.289815436 3.34997621 -6.205110821)
(3.289815436 3.402127598 -6.32366172)
(3.289815436 3.526912192 -6.60732293)
(3.289815436 3.825489 -7.286049813)
(3.289815436 4.539904998 -8.910065244)
(3.289815436 4.403962977 -5.757122373)
(3.289815436 4.468559603 -5.859373592)
(3.289815436 4.623122389 -6.104033942)
(3.289815436 4.992950602 -6.689441997)
(3.289815436 5.877852523 -8.090169945)
(3.289815436 5.505416485 -5.505416485)
(3.289815436 5.574034784 -5.574034784)
(3.289815436 5.738220379 -5.738220379)
(3.289815436 6.131073447 -6.131073447)
(3.289815436 7.07106781 -7.07106781)
(5 1.149721908 -6.953090753)
(5 1.167893711 -7.081232745)
(5 1.21137407 -7.387842925)
(5 1.315411166 -8.121480675)
(5 1.564344651 -9.876883408)
(5 2.264138978 -6.624459302)
(5 2.3003417 -6.750949582)
(5 2.38696532 -7.053607651)
(5 2.594232924 -7.777789036)
(5 3.090169945 -9.510565166)
(5 3.34997621 -6.205110821)
(5 3.402127598 -6.32366172)
(5 3.526912192 -6.60732293)
(5 3.825489 -7.286049813)
(5 4.539904998 -8.910065244)
(5 4.403962977 -5.757122373)
(5 4.468559603 -5.859373592)
(5 4.623122389 -6.104033942)
(5 4.992950602 -6.689441997)
(5 5.877852523 -8.090169945)
(5 5.505416485 -5.505416485)
(5 5.574034784 -5.574034784)
(5 5.738220379 -5.738220379)
(5 6.131073447 -6.131073447)
(5 7.07106781 -7.07106781)
(0 5.757122373 -4.403962977)
(0 5.859373592 -4.468559603)
(0 6.104033942 -4.623122389)
(0 6.689441997 -4.992950602)
(0 8.090169945 -5.877852523)
(0 6.205110821 -3.34997621)
(0 6.32366172 -3.402127598)
(0 6.60732293 -3.526912192)
(0 7.286049813 -3.825489)
(0 8.910065244 -4.539904998)
(0 6.624459302 -2.264138978)
(0 6.750949582 -2.3003417)
(0 7.053607651 -2.38696532)
(0 7.777789036 -2.594232924)
(0 9.510565166 -3.090169945)
(0 6.953090753 -1.149721908)
(0 7.081232745 -1.167893711)
(0 7.387842925 -1.21137407)
(0 8.121480675 -1.315411166)
(0 9.876883408 -1.564344651)
(0 7.053962013 0)
(0 7.183078958 0)
(0 7.492021945 0)
(0 8.231241492 0)
(0 10 0)
(0.8550922821 5.757122373 -4.403962977)
(0.8550922821 5.859373592 -4.468559603)
(0.8550922821 6.104033942 -4.623122389)
(0.8550922821 6.689441997 -4.992950602)
(0.8550922821 8.090169945 -5.877852523)
(0.8550922821 6.205110821 -3.34997621)
(0.8550922821 6.32366172 -3.402127598)
(0.8550922821 6.60732293 -3.526912192)
(0.8550922821 7.286049813 -3.825489)
(0.8550922821 8.910065244 -4.539904998)
(0.8550922821 6.624459302 -2.264138978)
(0.8550922821 6.750949582 -2.3003417)
(0.8550922821 7.053607651 -2.38696532)
(0.8550922821 7.777789036 -2.594232924)
(0.8550922821 9.510565166 -3.090169945)
(0.8550922821 6.953090753 -1.149721908)
(0.8550922821 7.081232745 -1.167893711)
(0.8550922821 7.387842925 -1.21137407)
(0.8550922821 8.121480675 -1.315411166)
(0.8550922821 9.876883408 -1.564344651)
(0.8550922821 7.053962013 0)
(0.8550922821 7.183078958 0)
(0.8550922821 7.492021945 0)
(0.8550922821 8.231241492 0)
(0.8550922821 10 0)
(1.932441048 5.757122373 -4.403962977)
(1.932441048 5.859373592 -4.468559603)
(1.932441048 6.104033942 -4.623122389)
(1.932441048 6.689441997 -4.992950602)
(1.932441048 8.090169945 -5.877852523)
(1.932441048 6.205110821 -3.34997621)
(1.932441048 6.32366172 -3.402127598)
(1.932441048 6.60732293 -3.526912192)
(1.932441048 7.286049813 -3.825489)
(1.932441048 8.910065244 -4.539904998)
(1.932441048 6.624459302 -2.264138978)
(1.932441048 6.750949582 -2.3003417)
(1.932441048 7.053607651 -2.38696532)
(1.932441048 7.777789036 -2.594232924)
(1.932441048 9.510565166 -3.090169945)
(1.932441048 6.953090753 -1.149721908)
(1.932441048 7.081232745 -1.167893711)
(1.932441048 7.387842925 -1.21137407)
(1.932441048 8.121480675 -1.315411166)
(1.932441048 9.876883408 -1.564344651)
(1.932441048 7.053962013 0)
(1.932441048 7.183078958 0)
(1.932441048 7.492021945 0)
(1.932441048 8.231241492 0)
(1.932441048 10 0)
(3.289815436 5.757122373 -4.403962977)
(3.289815436 5.859373592 -4.468559603)
(3.289815436 6.104033942 -4.623122389)
(3.289815436 6.689441997 -4.992950602)
(3.289815436 8.090169945 -5.877852523)
(3.289815436 6.205110821 -3.34997621)
(3.289815436 6.32366172 -3.402127598)
(3.289815436 6.60732293 -3.526912192)
(3.289815436 7.286049813 -3.825489)
(3.289815436 8.910065244 -4.539904998)
(3.289815436 6.624459302 -2.264138978)
(3.289815436 6.750949582 -2.3003417)
(3.289815436 7.053607651 -2.38696532)
(3.289815436 7.777789036 -2.594232924)
(3.289815436 9.510565166 -3.090169945)
(3.289815436 6.953090753 -1.149721908)
(3.289815436 7.081232745 -1.167893711)
(3.289815436 7.387842925 -1.21137407)
(3.289815436 8.121480675 -1.315411166)
(3.289815436 9.876883408 -1.564344651)
(3.289815436 7.053962013 0)
(3.289815436 7.183078958 0)
(3.289815436 7.492021945 0)
(3.289815436 8.231241492 0)
(3.289815436 10 0)
(5 5.757122373 -4.403962977)
(5 5.859373592 -4.468559603)
(5 6.104033942 -4.623122389)
(5 6.689441997 -4.992950602)
(5 8.090169945 -5.877852523)
(5 6.205110821 -3.34997621)
(5 6.32366172 -3.402127598)
(5 6.60732293 -3.526912192)
(5 7.286049813 -3.825489)
(5 8.910065244 -4.539904998)
(5 6.624459302 -2.264138978)
(5 6.750949582 -2.3003417)
(5 7.053607651 -2.38696532)
(5 7.777789036 -2.594232924)
(5 9.510565166 -3.090169945)
(5 6.953090753 -1.149721908)
(5 7.081232745 -1.167893711)
(5 7.387842925 -1.21137407)
(5 8.121480675 -1.315411166)
(5 9.876883408 -1.564344651)
(5 7.053962013 0)
(5 7.183078958 0)
(5 7.492021945 0)
(5 8.231241492 0)
(5 10 0)
(0 6.953090753 1.149721908)
(0 7.081232745 1.167893711)
(0 7.387842925 1.21137407)
(0 8.121480675 1.315411166)
(0 9.876883408 1.564344651)
(0 6.624459302 2.264138978)
(0 6.750949582 2.3003417)
(0 7.053607651 2.38696532)
(0 7.777789036 2.594232924)
(0 9.510565166 3.090169945)
(0 6.205110821 3.34997621)
(0 6.32366172 3.402127598)
(0 6.60732293 3.526912192)
(0 7.286049813 3.825489)
(0 8.910065244 4.539904998)
(0 5.757122373 4.403962977)
(0 5.859373592 4.468559603)
(0 6.104033942 4.623122389)
(0 6.689441997 4.992950602)
(0 8.090169945 5.877852523)
(0 5.505416485 5.505416485)
(0 5.574034784 5.574034784)
(0 5.738220379 5.738220379)
(0 6.131073447 6.131073447)
(0 7.07106781 7.07106781)
(0.8550922821 6.953090753 1.149721908)
(0.8550922821 7.081232745 1.167893711)
(0.8550922821 7.387842925 1.21137407)
(0.8550922821 8.121480675 1.315411166)
(0.8550922821 9.876883408 1.564344651)
(0.8550922821 6.624459302 2.264138978)
(0.8550922821 6.750949582 2.3003417)
(0.8550922821 7.053607651 2.38696532)
(0.8550922821 7.777789036 2.594232924)
(0.8550922821 9.510565166 3.090169945)
(0.8550922821 6.205110821 3.34997621)
(0.8550922821 6.32366172 3.402127598)
(0.8550922821 6.60732293 3.526912192)
(0.8550922821 7.286049813 3.825489)
(0.8550922821 8.910065244 4.539904998)
(0.8550922821 5.757122373 4.403962977)
(0.8550922821 5.859373592 4.468559603)
(0.8550922821 6.104033942 4.623122389)
(0.8550922821 6.689441997 4.992950602)
(0.8550922821 8.090169945 5.877852523)
(0.8550922821 5.505416485 5.505416485)
(0.8550922821 5.574034784 5.574034784)
(0.8550922821 5.738220379 5.738220379)
(0.8550922821 6.131073447 6.131073447)
(0.8550922821 7.07106781 7.07106781)
(1.932441048 6.953090753 1.149721908)
(1.932441048 7.081232745 1.167893711)
(1.932441048 7.387842925 1.21137407)
(1.932441048 8.121480675 1.315411166)
(1.932441048 9.876883408 1.564344651)
(1.932441048 6.624459302 2.264138978)
(1.932441048 6.750949582 2.3003417)
(1.932441048 7.053607651 2.38696532)
(1.932441048 7.777789036 2.594232924)
(1.932441048 9.510565166 3.090169945)
(1.932441048 6.205110821 3.34997621)
(1.932441048 6.32366172 3.402127598)
(1.932441048 6.60732293 3.526912192)
(1.932441048 7.286049813 3.825489)
(1.932441048 8.910065244 4.539904998)
(1.932441048 5.757122373 4.403962977)
(1.932441048 5.859373592 4.468559603)
(1.932441048 6.104033942 4.623122389)
(1.932441048 6.689441997 4.992950602)
(1.932441048 8.090169945 5.877852523)
(1.932441048 5.505416485 5.505416485)
(1.932441048 5.574034784 5.574034784)
(1.932441048 5.738220379 5.738220379)
(1.932441048 6.131073447 6.131073447)
(1.932441048 7.07106781 7.07106781)
(3.289815436 6.953090753 1.149721908)
(3.289815436 7.081232745 1.167893711)
(3.289815436 7.387842925 1.21137407)
(3.289815436 8.121480675 1.315411166)
(3.289815436 9.876883408 1.564344651)
(3.289815436 6.624459302 2.264138978)
(3.289815436 6.750949582 2.3003417)
(3.289815436 7.053607651 2.38696532)
(3.289815436 7.777789036 2.594232924)
(3.289815436 9.510565166 3.090169945)
(3.289815436 6.205110821 3.34997621)
(3.289815436 6.32366172 3.402127598)
(3.289815436 6.60732293 3.526912192)
(3.289815436 7.286049813 3.825489)
(3.289815436 8.910065244 4.539904998)
(3.289815436 5.757122373 4.403962977)
(3.289815436 5.859373592 4.468559603)
(3.289815436 6.104033942 4.623122389)
(3.289815436 6.689441997 4.992950602)
(3.289815436 8.090169945 5.877852523)
(3.289815436 5.505416485 5.505416485)
(3.289815436 5.574034784 5.574034784)
(3.289815436 5.738220379 5.738220379)
(3.289815436 6.131073447 6.131073447)
(3.289815436 7.07106781 7.07106781)
(5 6.953090753 1.149721908)
(5 7.081232745 1.167893711)
(5 7.387842925 1.21137407)
(5 8.121480675 1.315411166)
(5 9.876883408 1.564344651)
(5 6.624459302 2.264138978)
(5 6.750949582 2.3003417)
(5 7.053607651 2.38696532)
(5 7.777789036 2.594232924)
(5 9.510565166 3.090169945)
(5 6.205110821 3.34997621)
(5 6.32366172 3.402127598)
(5 6.60732293 3.526912192)
(5 7.286049813 3.825489)
(5 8.910065244 4.539904998)
(5 5.757122373 4.403962977)
(5 5.859373592 4.468559603)
(5 6.104033942 4.623122389)
(5 6.689441997 4.992950602)
(5 8.090169945 5.877852523)
(5 5.505416485 5.505416485)
(5 5.574034784 5.574034784)
(5 5.738220379 5.738220379)
(5 6.131073447 6.131073447)
(5 7.07106781 7.07106781)
(0 4.403962977 5.757122373)
(0 4.468559603 5.859373592)
(0 4.623122389 6.104033942)
(0 4.992950602 6.689441997)
(0 5.877852523 8.090169945)
(0 3.34997621 6.205110821)
(0 3.402127598 6.32366172)
(0 3.526912192 6.60732293)
(0 3.825489 7.286049813)
(0 4.539904998 8.910065244)
(0 2.264138978 6.624459302)
(0 2.3003417 6.750949582)
(0 2.38696532 7.053607651)
(0 2.594232924 7.777789036)
(0 3.090169945 9.510565166)
(0 1.149721908 6.953090753)
(0 1.167893711 7.081232745)
(0 1.21137407 7.387842925)
(0 1.315411166 8.121480675)
(0 1.564344651 9.876883408)
(0.8550922821 4.403962977 5.757122373)
(0.8550922821 4.468559603 5.859373592)
(0.8550922821 4.623122389 6.104033942)
(0.8550922821 4.992950602 6.689441997)
(0.8550922821 5.877852523 8.090169945)
(0.8550922821 3.34997621 6.205110821)
(0.8550922821 3.402127598 6.32366172)
(0.8550922821 3.526912192 6.60732293)
(0.8550922821 3.825489 7.286049813)
(0.8550922821 4.539904998 8.910065244)
(0.8550922821 2.264138978 6.624459302)
(0.8550922821 2.3003417 6.750949582)
(0.8550922821 2.38696532 7.053607651)
(0.8550922821 2.594232924 7.777789036)
(0.8550922821 3.090169945 9.510565166)
(0.8550922821 1.149721908 6.953090753)
(0.8550922821 1.167893711 7.081232745)
(0.8550922821 1.21137407 7.387842925)
(0.8550922821 1.315411166 8.121480675)
(0.8550922821 1.564344651 9.876883408)
(1.932441048 4.403962977 5.757122373)
(1.932441048 4.468559603 5.859373592)
(1.932441048 4.623122389 6.104033942)
(1.932441048 4.992950602 6.689441997)
(1.932441048 5.877852523 8.090169945)
(1.932441048 3.34997621 6.205110821)
(1.932441048 3.402127598 6.32366172)
(1.932441048 3.526912192 6.60732293)
(1.932441048 3.825489 7.286049813)
(1.932441048 4.539904998 8.910065244)
(1.932441048 2.264138978 6.624459302)
(1.932441048 2.3003417 6.750949582)
(1.932441048 2.38696532 7.053607651)
(1.932441048 2.594232924 7.777789036)
(1.932441048 3.090169945 9.510565166)
(1.932441048 1.149721908 6.953090753)
(1.932441048 1.167893711 7.081232745)
(1.932441048 1.21137407 7.387842925)
(1.932441048 1.315411166 8.121480675)
(1.932441048 1.564344651 9.876883408)
(3.289815436 4.403962977 5.757122373)
(3.289815436 4.468559603 5.859373592)
(3.289815436 4.623122389 6.104033942)
(3.289815436 4.992950602 6.689441997)
(3.289815436 5.877852523 8.090169945)
(3.289815436 3.34997621 6.205110821)
(3.289815436 3.402127598 6.32366172)
(3.289815436 3.526912192 6.60732293)
(3.289815436 3.825489 7.286049813)
(3.289815436 4.539904998 8.910065244)
(3.289815436 2.264138978 6.624459302)
(3.289815436 2.3003417 6.750949582)
(3.289815436 2.38696532 7.053607651)
(3.289815436 2.594232924 7.777789036)
(3.289815436 3.090169945 9.510565166)
(3.289815436 1.149721908 6.953090753)
(3.289815436 1.167893711 7.081232745)
(3.289815436 1.21137407 7.387842925)
(3.289815436 1.315411166 8.121480675)
(3.289815436 1.564344651 9.876883408)
(5 4.403962977 5.757122373)
(5 4.468559603 5.859373592)
(5 4.623122389 6.104033942)
(5 4.992950602 6.689441997)
(5 5.877852523 8.090169945)
(5 3.34997621 6.205110821)
(5 3.402127598 6.32366172)
(5 3.526912192 6.60732293)
(5 3.825489 7.286049813)
(5 4.539904998 8.910065244)
(5 2.264138978 6.624459302)
(5 2.3003417 6.750949582)
(5 2.38696532 7.053607651)
(5 2.594232924 7.777789036)
(5 3.090169945 9.510565166)
(5 1.149721908 6.953090753)
(5 1.167893711 7.081232745)
(5 1.21137407 7.387842925)
(5 1.315411166 8.121480675)
(5 1.564344651 9.876883408)
)


// ************************************************************************* //
