/*--------------------------------*- C++ -*----------------------------------*\
| =========                 |                                                 |
| \\      /  F ield         | OpenFOAM: The Open Source CFD Toolbox           |
|  \\    /   O peration     | Version:  2406                                  |
|   \\  /    A nd           | Website:  www.openfoam.com                      |
|    \\/     M anipulation  |                                                 |
\*---------------------------------------------------------------------------*/
FoamFile
{
    version     2.0;
    format      ascii;
    arch        "LSB;label=32;scalar=64";
    class       faceList;
    location    "constant/polyMesh";
    object      faces;
}
// * * * * * * * * * * * * * * * * * * * * * * * * * * * * * * * * * * * * * //


4104
(
4(1 34 667 634)
4(33 666 667 34)
4(633 634 667 666)
4(2 35 668 635)
4(34 667 668 35)
4(634 635 668 667)
4(3 36 669 636)
4(35 668 669 36)
4(635 636 669 668)
4(4 37 670 637)
4(36 669 670 37)
4(636 637 670 669)
4(5 38 671 638)
4(37 670 671 38)
4(637 638 671 670)
4(6 39 672 639)
4(38 671 672 39)
4(638 639 672 671)
4(7 40 673 640)
4(39 672 673 40)
4(639 640 673 672)
4(8 41 674 641)
4(40 673 674 41)
4(640 641 674 673)
4(9 42 675 642)
4(41 674 675 42)
4(641 642 675 674)
4(10 43 676 643)
4(42 675 676 43)
4(642 643 676 675)
4(11 44 677 644)
4(43 676 677 44)
4(643 644 677 676)
4(12 45 678 645)
4(44 677 678 45)
4(644 645 678 677)
4(13 46 679 646)
4(45 678 679 46)
4(645 646 679 678)
4(14 47 680 647)
4(46 679 680 47)
4(646 647 680 679)
4(15 48 681 648)
4(47 680 681 48)
4(647 648 681 680)
4(16 49 682 649)
4(48 681 682 49)
4(648 649 682 681)
4(17 50 683 650)
4(49 682 683 50)
4(649 650 683 682)
4(18 51 684 651)
4(50 683 684 51)
4(650 651 684 683)
4(19 52 685 652)
4(51 684 685 52)
4(651 652 685 684)
4(20 53 686 653)
4(52 685 686 53)
4(652 653 686 685)
4(21 54 687 654)
4(53 686 687 54)
4(653 654 687 686)
4(22 55 688 655)
4(54 687 688 55)
4(654 655 688 687)
4(23 56 689 656)
4(55 688 689 56)
4(655 656 689 688)
4(24 57 690 657)
4(56 689 690 57)
4(656 657 690 689)
4(25 58 691 658)
4(57 690 691 58)
4(657 658 691 690)
4(26 59 692 659)
4(58 691 692 59)
4(658 659 692 691)
4(27 60 693 660)
4(59 692 693 60)
4(659 660 693 692)
4(28 61 694 661)
4(60 693 694 61)
4(660 661 694 693)
4(29 62 695 662)
4(61 694 695 62)
4(661 662 695 694)
4(30 63 696 663)
4(62 695 696 63)
4(662 663 696 695)
4(31 64 697 664)
4(63 696 697 64)
4(663 664 697 696)
4(64 697 698 65)
4(664 665 698 697)
4(34 67 700 667)
4(66 699 700 67)
4(666 667 700 699)
4(35 68 701 668)
4(67 700 701 68)
4(667 668 701 700)
4(36 69 702 669)
4(68 701 702 69)
4(668 669 702 701)
4(37 70 703 670)
4(69 702 703 70)
4(669 670 703 702)
4(38 71 704 671)
4(70 703 704 71)
4(670 671 704 703)
4(39 72 705 672)
4(71 704 705 72)
4(671 672 705 704)
4(40 73 706 673)
4(72 705 706 73)
4(672 673 706 705)
4(41 74 707 674)
4(73 706 707 74)
4(673 674 707 706)
4(42 75 708 675)
4(74 707 708 75)
4(674 675 708 707)
4(43 76 709 676)
4(75 708 709 76)
4(675 676 709 708)
4(44 77 710 677)
4(76 709 710 77)
4(676 677 710 709)
4(45 78 711 678)
4(77 710 711 78)
4(677 678 711 710)
4(46 79 712 679)
4(78 711 712 79)
4(678 679 712 711)
4(47 80 713 680)
4(79 712 713 80)
4(679 680 713 712)
4(48 81 714 681)
4(80 713 714 81)
4(680 681 714 713)
4(49 82 715 682)
4(81 714 715 82)
4(681 682 715 714)
4(50 83 716 683)
4(82 715 716 83)
4(682 683 716 715)
4(51 84 717 684)
4(83 716 717 84)
4(683 684 717 716)
4(52 85 718 685)
4(84 717 718 85)
4(684 685 718 717)
4(53 86 719 686)
4(85 718 719 86)
4(685 686 719 718)
4(54 87 720 687)
4(86 719 720 87)
4(686 687 720 719)
4(55 88 721 688)
4(87 720 721 88)
4(687 688 721 720)
4(56 89 722 689)
4(88 721 722 89)
4(688 689 722 721)
4(57 90 723 690)
4(89 722 723 90)
4(689 690 723 722)
4(58 91 724 691)
4(90 723 724 91)
4(690 691 724 723)
4(59 92 725 692)
4(91 724 725 92)
4(691 692 725 724)
4(60 93 726 693)
4(92 725 726 93)
4(692 693 726 725)
4(61 94 727 694)
4(93 726 727 94)
4(693 694 727 726)
4(62 95 728 695)
4(94 727 728 95)
4(694 695 728 727)
4(63 96 729 696)
4(95 728 729 96)
4(695 696 729 728)
4(64 97 730 697)
4(96 729 730 97)
4(696 697 730 729)
4(97 730 731 98)
4(697 698 731 730)
4(67 100 733 700)
4(99 732 733 100)
4(699 700 733 732)
4(68 101 734 701)
4(100 733 734 101)
4(700 701 734 733)
4(69 102 735 702)
4(101 734 735 102)
4(701 702 735 734)
4(70 103 736 703)
4(102 735 736 103)
4(702 703 736 735)
4(71 104 737 704)
4(103 736 737 104)
4(703 704 737 736)
4(72 105 738 705)
4(104 737 738 105)
4(704 705 738 737)
4(73 106 739 706)
4(105 738 739 106)
4(705 706 739 738)
4(74 107 740 707)
4(106 739 740 107)
4(706 707 740 739)
4(75 108 741 708)
4(107 740 741 108)
4(707 708 741 740)
4(76 109 742 709)
4(108 741 742 109)
4(708 709 742 741)
4(77 110 743 710)
4(109 742 743 110)
4(709 710 743 742)
4(78 111 744 711)
4(110 743 744 111)
4(710 711 744 743)
4(79 112 745 712)
4(111 744 745 112)
4(711 712 745 744)
4(80 113 746 713)
4(112 745 746 113)
4(712 713 746 745)
4(81 114 747 714)
4(113 746 747 114)
4(713 714 747 746)
4(82 115 748 715)
4(114 747 748 115)
4(714 715 748 747)
4(83 116 749 716)
4(115 748 749 116)
4(715 716 749 748)
4(84 117 750 717)
4(116 749 750 117)
4(716 717 750 749)
4(85 118 751 718)
4(117 750 751 118)
4(717 718 751 750)
4(86 119 752 719)
4(118 751 752 119)
4(718 719 752 751)
4(87 120 753 720)
4(119 752 753 120)
4(719 720 753 752)
4(88 121 754 721)
4(120 753 754 121)
4(720 721 754 753)
4(89 122 755 722)
4(121 754 755 122)
4(721 722 755 754)
4(90 123 756 723)
4(122 755 756 123)
4(722 723 756 755)
4(91 124 757 724)
4(123 756 757 124)
4(723 724 757 756)
4(92 125 758 725)
4(124 757 758 125)
4(724 725 758 757)
4(93 126 759 726)
4(125 758 759 126)
4(725 726 759 758)
4(94 127 760 727)
4(126 759 760 127)
4(726 727 760 759)
4(95 128 761 728)
4(127 760 761 128)
4(727 728 761 760)
4(96 129 762 729)
4(128 761 762 129)
4(728 729 762 761)
4(97 130 763 730)
4(129 762 763 130)
4(729 730 763 762)
4(130 763 764 131)
4(730 731 764 763)
4(100 133 766 733)
4(132 765 766 133)
4(732 733 766 765)
4(101 134 767 734)
4(133 766 767 134)
4(733 734 767 766)
4(102 135 768 735)
4(134 767 768 135)
4(734 735 768 767)
4(103 136 769 736)
4(135 768 769 136)
4(735 736 769 768)
4(104 137 770 737)
4(136 769 770 137)
4(736 737 770 769)
4(105 138 771 738)
4(137 770 771 138)
4(737 738 771 770)
4(106 139 772 739)
4(138 771 772 139)
4(738 739 772 771)
4(107 140 773 740)
4(139 772 773 140)
4(739 740 773 772)
4(108 141 774 741)
4(140 773 774 141)
4(740 741 774 773)
4(109 142 775 742)
4(141 774 775 142)
4(741 742 775 774)
4(110 143 776 743)
4(142 775 776 143)
4(742 743 776 775)
4(111 144 777 744)
4(143 776 777 144)
4(743 744 777 776)
4(112 145 778 745)
4(144 777 778 145)
4(744 745 778 777)
4(113 146 779 746)
4(145 778 779 146)
4(745 746 779 778)
4(114 147 780 747)
4(146 779 780 147)
4(746 747 780 779)
4(115 148 781 748)
4(147 780 781 148)
4(747 748 781 780)
4(116 149 782 749)
4(148 781 782 149)
4(748 749 782 781)
4(117 150 783 750)
4(149 782 783 150)
4(749 750 783 782)
4(118 151 784 751)
4(150 783 784 151)
4(750 751 784 783)
4(119 152 785 752)
4(151 784 785 152)
4(751 752 785 784)
4(120 153 786 753)
4(152 785 786 153)
4(752 753 786 785)
4(121 154 787 754)
4(153 786 787 154)
4(753 754 787 786)
4(122 155 788 755)
4(154 787 788 155)
4(754 755 788 787)
4(123 156 789 756)
4(155 788 789 156)
4(755 756 789 788)
4(124 157 790 757)
4(156 789 790 157)
4(756 757 790 789)
4(125 158 791 758)
4(157 790 791 158)
4(757 758 791 790)
4(126 159 792 759)
4(158 791 792 159)
4(758 759 792 791)
4(127 160 793 760)
4(159 792 793 160)
4(759 760 793 792)
4(128 161 794 761)
4(160 793 794 161)
4(760 761 794 793)
4(129 162 795 762)
4(161 794 795 162)
4(761 762 795 794)
4(130 163 796 763)
4(162 795 796 163)
4(762 763 796 795)
4(163 796 797 164)
4(763 764 797 796)
4(133 166 799 766)
4(165 798 799 166)
4(765 766 799 798)
4(134 167 800 767)
4(166 799 800 167)
4(766 767 800 799)
4(135 168 801 768)
4(167 800 801 168)
4(767 768 801 800)
4(136 169 802 769)
4(168 801 802 169)
4(768 769 802 801)
4(137 170 803 770)
4(169 802 803 170)
4(769 770 803 802)
4(138 171 804 771)
4(170 803 804 171)
4(770 771 804 803)
4(139 172 805 772)
4(171 804 805 172)
4(771 772 805 804)
4(140 173 806 773)
4(172 805 806 173)
4(772 773 806 805)
4(141 174 807 774)
4(173 806 807 174)
4(773 774 807 806)
4(142 175 808 775)
4(174 807 808 175)
4(774 775 808 807)
4(143 176 809 776)
4(175 808 809 176)
4(775 776 809 808)
4(144 177 810 777)
4(176 809 810 177)
4(776 777 810 809)
4(145 178 811 778)
4(177 810 811 178)
4(777 778 811 810)
4(146 179 812 779)
4(178 811 812 179)
4(778 779 812 811)
4(147 180 813 780)
4(179 812 813 180)
4(779 780 813 812)
4(148 181 814 781)
4(180 813 814 181)
4(780 781 814 813)
4(149 182 815 782)
4(181 814 815 182)
4(781 782 815 814)
4(150 183 816 783)
4(182 815 816 183)
4(782 783 816 815)
4(151 184 817 784)
4(183 816 817 184)
4(783 784 817 816)
4(152 185 818 785)
4(184 817 818 185)
4(784 785 818 817)
4(153 186 819 786)
4(185 818 819 186)
4(785 786 819 818)
4(154 187 820 787)
4(186 819 820 187)
4(786 787 820 819)
4(155 188 821 788)
4(187 820 821 188)
4(787 788 821 820)
4(156 189 822 789)
4(188 821 822 189)
4(788 789 822 821)
4(157 190 823 790)
4(189 822 823 190)
4(789 790 823 822)
4(158 191 824 791)
4(190 823 824 191)
4(790 791 824 823)
4(159 192 825 792)
4(191 824 825 192)
4(791 792 825 824)
4(160 193 826 793)
4(192 825 826 193)
4(792 793 826 825)
4(161 194 827 794)
4(193 826 827 194)
4(793 794 827 826)
4(162 195 828 795)
4(194 827 828 195)
4(794 795 828 827)
4(163 196 829 796)
4(195 828 829 196)
4(795 796 829 828)
4(196 829 830 197)
4(796 797 830 829)
4(166 199 832 799)
4(198 831 832 199)
4(798 799 832 831)
4(167 200 833 800)
4(199 832 833 200)
4(799 800 833 832)
4(168 201 834 801)
4(200 833 834 201)
4(800 801 834 833)
4(169 202 835 802)
4(201 834 835 202)
4(801 802 835 834)
4(170 203 836 803)
4(202 835 836 203)
4(802 803 836 835)
4(171 204 837 804)
4(203 836 837 204)
4(803 804 837 836)
4(172 205 838 805)
4(204 837 838 205)
4(804 805 838 837)
4(173 206 839 806)
4(205 838 839 206)
4(805 806 839 838)
4(174 207 840 807)
4(206 839 840 207)
4(806 807 840 839)
4(175 208 841 808)
4(207 840 841 208)
4(807 808 841 840)
4(176 209 842 809)
4(208 841 842 209)
4(808 809 842 841)
4(177 210 843 810)
4(209 842 843 210)
4(809 810 843 842)
4(178 211 844 811)
4(210 843 844 211)
4(810 811 844 843)
4(179 212 845 812)
4(211 844 845 212)
4(811 812 845 844)
4(180 213 846 813)
4(212 845 846 213)
4(812 813 846 845)
4(181 214 847 814)
4(213 846 847 214)
4(813 814 847 846)
4(182 215 848 815)
4(214 847 848 215)
4(814 815 848 847)
4(183 216 849 816)
4(215 848 849 216)
4(815 816 849 848)
4(184 217 850 817)
4(216 849 850 217)
4(816 817 850 849)
4(185 218 851 818)
4(217 850 851 218)
4(817 818 851 850)
4(186 219 852 819)
4(218 851 852 219)
4(818 819 852 851)
4(187 220 853 820)
4(219 852 853 220)
4(819 820 853 852)
4(188 221 854 821)
4(220 853 854 221)
4(820 821 854 853)
4(189 222 855 822)
4(221 854 855 222)
4(821 822 855 854)
4(190 223 856 823)
4(222 855 856 223)
4(822 823 856 855)
4(191 224 857 824)
4(223 856 857 224)
4(823 824 857 856)
4(192 225 858 825)
4(224 857 858 225)
4(824 825 858 857)
4(193 226 859 826)
4(225 858 859 226)
4(825 826 859 858)
4(194 227 860 827)
4(226 859 860 227)
4(826 827 860 859)
4(195 228 861 828)
4(227 860 861 228)
4(827 828 861 860)
4(196 229 862 829)
4(228 861 862 229)
4(828 829 862 861)
4(229 862 863 230)
4(829 830 863 862)
4(199 232 865 832)
4(831 832 865 864)
4(200 233 866 833)
4(832 833 866 865)
4(201 234 867 834)
4(833 834 867 866)
4(202 235 868 835)
4(834 835 868 867)
4(203 236 869 836)
4(835 836 869 868)
4(204 237 870 837)
4(836 837 870 869)
4(205 238 871 838)
4(237 870 871 238)
4(837 838 871 870)
4(206 239 872 839)
4(238 871 872 239)
4(838 839 872 871)
4(207 240 873 840)
4(239 872 873 240)
4(839 840 873 872)
4(208 241 874 841)
4(240 873 874 241)
4(840 841 874 873)
4(209 242 875 842)
4(241 874 875 242)
4(841 842 875 874)
4(210 243 876 843)
4(242 875 876 243)
4(842 843 876 875)
4(211 244 877 844)
4(243 876 877 244)
4(843 844 877 876)
4(212 245 878 845)
4(244 877 878 245)
4(844 845 878 877)
4(213 246 879 846)
4(245 878 879 246)
4(845 846 879 878)
4(214 247 880 847)
4(246 879 880 247)
4(846 847 880 879)
4(215 248 881 848)
4(247 880 881 248)
4(847 848 881 880)
4(216 249 882 849)
4(248 881 882 249)
4(848 849 882 881)
4(217 250 883 850)
4(249 882 883 250)
4(849 850 883 882)
4(218 251 884 851)
4(250 883 884 251)
4(850 851 884 883)
4(219 252 885 852)
4(251 884 885 252)
4(851 852 885 884)
4(220 253 886 853)
4(252 885 886 253)
4(852 853 886 885)
4(221 254 887 854)
4(253 886 887 254)
4(853 854 887 886)
4(222 255 888 855)
4(254 887 888 255)
4(854 855 888 887)
4(223 256 889 856)
4(255 888 889 256)
4(855 856 889 888)
4(224 257 890 857)
4(256 889 890 257)
4(856 857 890 889)
4(225 258 891 858)
4(857 858 891 890)
4(226 259 892 859)
4(858 859 892 891)
4(227 260 893 860)
4(859 860 893 892)
4(228 261 894 861)
4(860 861 894 893)
4(229 262 895 862)
4(861 862 895 894)
4(862 863 896 895)
4(238 265 898 871)
4(264 897 898 265)
4(870 871 898 897)
4(239 266 899 872)
4(265 898 899 266)
4(871 872 899 898)
4(240 267 900 873)
4(266 899 900 267)
4(872 873 900 899)
4(241 268 901 874)
4(267 900 901 268)
4(873 874 901 900)
4(242 269 902 875)
4(268 901 902 269)
4(874 875 902 901)
4(243 270 903 876)
4(269 902 903 270)
4(875 876 903 902)
4(244 271 904 877)
4(270 903 904 271)
4(876 877 904 903)
4(245 272 905 878)
4(271 904 905 272)
4(877 878 905 904)
4(246 273 906 879)
4(272 905 906 273)
4(878 879 906 905)
4(247 274 907 880)
4(273 906 907 274)
4(879 880 907 906)
4(248 275 908 881)
4(274 907 908 275)
4(880 881 908 907)
4(249 276 909 882)
4(275 908 909 276)
4(881 882 909 908)
4(250 277 910 883)
4(276 909 910 277)
4(882 883 910 909)
4(251 278 911 884)
4(277 910 911 278)
4(883 884 911 910)
4(252 279 912 885)
4(278 911 912 279)
4(884 885 912 911)
4(253 280 913 886)
4(279 912 913 280)
4(885 886 913 912)
4(254 281 914 887)
4(280 913 914 281)
4(886 887 914 913)
4(255 282 915 888)
4(281 914 915 282)
4(887 888 915 914)
4(256 283 916 889)
4(282 915 916 283)
4(888 889 916 915)
4(283 916 917 284)
4(889 890 917 916)
4(265 286 919 898)
4(285 918 919 286)
4(897 898 919 918)
4(266 287 920 899)
4(286 919 920 287)
4(898 899 920 919)
4(267 288 921 900)
4(287 920 921 288)
4(899 900 921 920)
4(268 289 922 901)
4(288 921 922 289)
4(900 901 922 921)
4(269 290 923 902)
4(289 922 923 290)
4(901 902 923 922)
4(270 291 924 903)
4(290 923 924 291)
4(902 903 924 923)
4(271 292 925 904)
4(291 924 925 292)
4(903 904 925 924)
4(272 293 926 905)
4(292 925 926 293)
4(904 905 926 925)
4(273 294 927 906)
4(293 926 927 294)
4(905 906 927 926)
4(274 295 928 907)
4(294 927 928 295)
4(906 907 928 927)
4(275 296 929 908)
4(295 928 929 296)
4(907 908 929 928)
4(276 297 930 909)
4(296 929 930 297)
4(908 909 930 929)
4(277 298 931 910)
4(297 930 931 298)
4(909 910 931 930)
4(278 299 932 911)
4(298 931 932 299)
4(910 911 932 931)
4(279 300 933 912)
4(299 932 933 300)
4(911 912 933 932)
4(280 301 934 913)
4(300 933 934 301)
4(912 913 934 933)
4(281 302 935 914)
4(301 934 935 302)
4(913 914 935 934)
4(282 303 936 915)
4(302 935 936 303)
4(914 915 936 935)
4(283 304 937 916)
4(303 936 937 304)
4(915 916 937 936)
4(304 937 938 305)
4(916 917 938 937)
4(286 307 940 919)
4(306 939 940 307)
4(918 919 940 939)
4(287 308 941 920)
4(307 940 941 308)
4(919 920 941 940)
4(288 309 942 921)
4(308 941 942 309)
4(920 921 942 941)
4(289 310 943 922)
4(309 942 943 310)
4(921 922 943 942)
4(290 311 944 923)
4(310 943 944 311)
4(922 923 944 943)
4(291 312 945 924)
4(311 944 945 312)
4(923 924 945 944)
4(292 313 946 925)
4(312 945 946 313)
4(924 925 946 945)
4(293 314 947 926)
4(313 946 947 314)
4(925 926 947 946)
4(294 315 948 927)
4(314 947 948 315)
4(926 927 948 947)
4(295 316 949 928)
4(315 948 949 316)
4(927 928 949 948)
4(296 317 950 929)
4(316 949 950 317)
4(928 929 950 949)
4(297 318 951 930)
4(317 950 951 318)
4(929 930 951 950)
4(298 319 952 931)
4(318 951 952 319)
4(930 931 952 951)
4(299 320 953 932)
4(319 952 953 320)
4(931 932 953 952)
4(300 321 954 933)
4(320 953 954 321)
4(932 933 954 953)
4(301 322 955 934)
4(321 954 955 322)
4(933 934 955 954)
4(302 323 956 935)
4(322 955 956 323)
4(934 935 956 955)
4(303 324 957 936)
4(323 956 957 324)
4(935 936 957 956)
4(304 325 958 937)
4(324 957 958 325)
4(936 937 958 957)
4(325 958 959 326)
4(937 938 959 958)
4(307 328 961 940)
4(327 960 961 328)
4(939 940 961 960)
4(308 329 962 941)
4(328 961 962 329)
4(940 941 962 961)
4(309 330 963 942)
4(329 962 963 330)
4(941 942 963 962)
4(310 331 964 943)
4(330 963 964 331)
4(942 943 964 963)
4(311 332 965 944)
4(331 964 965 332)
4(943 944 965 964)
4(312 333 966 945)
4(332 965 966 333)
4(944 945 966 965)
4(313 334 967 946)
4(333 966 967 334)
4(945 946 967 966)
4(314 335 968 947)
4(334 967 968 335)
4(946 947 968 967)
4(315 336 969 948)
4(335 968 969 336)
4(947 948 969 968)
4(316 337 970 949)
4(336 969 970 337)
4(948 949 970 969)
4(317 338 971 950)
4(337 970 971 338)
4(949 950 971 970)
4(318 339 972 951)
4(338 971 972 339)
4(950 951 972 971)
4(319 340 973 952)
4(339 972 973 340)
4(951 952 973 972)
4(320 341 974 953)
4(340 973 974 341)
4(952 953 974 973)
4(321 342 975 954)
4(341 974 975 342)
4(953 954 975 974)
4(322 343 976 955)
4(342 975 976 343)
4(954 955 976 975)
4(323 344 977 956)
4(343 976 977 344)
4(955 956 977 976)
4(324 345 978 957)
4(344 977 978 345)
4(956 957 978 977)
4(325 346 979 958)
4(345 978 979 346)
4(957 958 979 978)
4(346 979 980 347)
4(958 959 980 979)
4(328 349 982 961)
4(348 981 982 349)
4(960 961 982 981)
4(329 350 983 962)
4(349 982 983 350)
4(961 962 983 982)
4(330 351 984 963)
4(350 983 984 351)
4(962 963 984 983)
4(331 352 985 964)
4(351 984 985 352)
4(963 964 985 984)
4(332 353 986 965)
4(352 985 986 353)
4(964 965 986 985)
4(333 354 987 966)
4(353 986 987 354)
4(965 966 987 986)
4(334 355 988 967)
4(354 987 988 355)
4(966 967 988 987)
4(335 356 989 968)
4(355 988 989 356)
4(967 968 989 988)
4(336 357 990 969)
4(356 989 990 357)
4(968 969 990 989)
4(337 358 991 970)
4(357 990 991 358)
4(969 970 991 990)
4(338 359 992 971)
4(358 991 992 359)
4(970 971 992 991)
4(339 360 993 972)
4(359 992 993 360)
4(971 972 993 992)
4(340 361 994 973)
4(360 993 994 361)
4(972 973 994 993)
4(341 362 995 974)
4(361 994 995 362)
4(973 974 995 994)
4(342 363 996 975)
4(362 995 996 363)
4(974 975 996 995)
4(343 364 997 976)
4(363 996 997 364)
4(975 976 997 996)
4(344 365 998 977)
4(364 997 998 365)
4(976 977 998 997)
4(345 366 999 978)
4(365 998 999 366)
4(977 978 999 998)
4(346 367 1000 979)
4(366 999 1000 367)
4(978 979 1000 999)
4(367 1000 1001 368)
4(979 980 1001 1000)
4(349 376 1009 982)
4(375 1008 1009 376)
4(981 982 1009 1008)
4(350 377 1010 983)
4(376 1009 1010 377)
4(982 983 1010 1009)
4(351 378 1011 984)
4(377 1010 1011 378)
4(983 984 1011 1010)
4(352 379 1012 985)
4(378 1011 1012 379)
4(984 985 1012 1011)
4(353 380 1013 986)
4(379 1012 1013 380)
4(985 986 1013 1012)
4(354 381 1014 987)
4(380 1013 1014 381)
4(986 987 1014 1013)
4(355 382 1015 988)
4(381 1014 1015 382)
4(987 988 1015 1014)
4(356 383 1016 989)
4(382 1015 1016 383)
4(988 989 1016 1015)
4(357 384 1017 990)
4(383 1016 1017 384)
4(989 990 1017 1016)
4(358 385 1018 991)
4(384 1017 1018 385)
4(990 991 1018 1017)
4(359 386 1019 992)
4(385 1018 1019 386)
4(991 992 1019 1018)
4(360 387 1020 993)
4(386 1019 1020 387)
4(992 993 1020 1019)
4(361 388 1021 994)
4(387 1020 1021 388)
4(993 994 1021 1020)
4(362 389 1022 995)
4(388 1021 1022 389)
4(994 995 1022 1021)
4(363 390 1023 996)
4(389 1022 1023 390)
4(995 996 1023 1022)
4(364 391 1024 997)
4(390 1023 1024 391)
4(996 997 1024 1023)
4(365 392 1025 998)
4(391 1024 1025 392)
4(997 998 1025 1024)
4(366 393 1026 999)
4(392 1025 1026 393)
4(998 999 1026 1025)
4(367 394 1027 1000)
4(393 1026 1027 394)
4(999 1000 1027 1026)
4(394 1027 1028 395)
4(1000 1001 1028 1027)
4(370 403 1036 1003)
4(402 1035 1036 403)
4(1002 1003 1036 1035)
4(371 404 1037 1004)
4(403 1036 1037 404)
4(1003 1004 1037 1036)
4(372 405 1038 1005)
4(404 1037 1038 405)
4(1004 1005 1038 1037)
4(373 406 1039 1006)
4(405 1038 1039 406)
4(1005 1006 1039 1038)
4(374 407 1040 1007)
4(406 1039 1040 407)
4(1006 1007 1040 1039)
4(375 408 1041 1008)
4(407 1040 1041 408)
4(1007 1008 1041 1040)
4(376 409 1042 1009)
4(408 1041 1042 409)
4(1008 1009 1042 1041)
4(377 410 1043 1010)
4(409 1042 1043 410)
4(1009 1010 1043 1042)
4(378 411 1044 1011)
4(410 1043 1044 411)
4(1010 1011 1044 1043)
4(379 412 1045 1012)
4(411 1044 1045 412)
4(1011 1012 1045 1044)
4(380 413 1046 1013)
4(412 1045 1046 413)
4(1012 1013 1046 1045)
4(381 414 1047 1014)
4(413 1046 1047 414)
4(1013 1014 1047 1046)
4(382 415 1048 1015)
4(414 1047 1048 415)
4(1014 1015 1048 1047)
4(383 416 1049 1016)
4(415 1048 1049 416)
4(1015 1016 1049 1048)
4(384 417 1050 1017)
4(416 1049 1050 417)
4(1016 1017 1050 1049)
4(385 418 1051 1018)
4(417 1050 1051 418)
4(1017 1018 1051 1050)
4(386 419 1052 1019)
4(418 1051 1052 419)
4(1018 1019 1052 1051)
4(387 420 1053 1020)
4(419 1052 1053 420)
4(1019 1020 1053 1052)
4(388 421 1054 1021)
4(420 1053 1054 421)
4(1020 1021 1054 1053)
4(389 422 1055 1022)
4(421 1054 1055 422)
4(1021 1022 1055 1054)
4(390 423 1056 1023)
4(422 1055 1056 423)
4(1022 1023 1056 1055)
4(391 424 1057 1024)
4(423 1056 1057 424)
4(1023 1024 1057 1056)
4(392 425 1058 1025)
4(424 1057 1058 425)
4(1024 1025 1058 1057)
4(393 426 1059 1026)
4(425 1058 1059 426)
4(1025 1026 1059 1058)
4(394 427 1060 1027)
4(426 1059 1060 427)
4(1026 1027 1060 1059)
4(395 428 1061 1028)
4(427 1060 1061 428)
4(1027 1028 1061 1060)
4(396 429 1062 1029)
4(428 1061 1062 429)
4(1028 1029 1062 1061)
4(397 430 1063 1030)
4(429 1062 1063 430)
4(1029 1030 1063 1062)
4(398 431 1064 1031)
4(430 1063 1064 431)
4(1030 1031 1064 1063)
4(399 432 1065 1032)
4(431 1064 1065 432)
4(1031 1032 1065 1064)
4(400 433 1066 1033)
4(432 1065 1066 433)
4(1032 1033 1066 1065)
4(433 1066 1067 434)
4(1033 1034 1067 1066)
4(403 436 1069 1036)
4(435 1068 1069 436)
4(1035 1036 1069 1068)
4(404 437 1070 1037)
4(436 1069 1070 437)
4(1036 1037 1070 1069)
4(405 438 1071 1038)
4(437 1070 1071 438)
4(1037 1038 1071 1070)
4(406 439 1072 1039)
4(438 1071 1072 439)
4(1038 1039 1072 1071)
4(407 440 1073 1040)
4(439 1072 1073 440)
4(1039 1040 1073 1072)
4(408 441 1074 1041)
4(440 1073 1074 441)
4(1040 1041 1074 1073)
4(409 442 1075 1042)
4(441 1074 1075 442)
4(1041 1042 1075 1074)
4(410 443 1076 1043)
4(442 1075 1076 443)
4(1042 1043 1076 1075)
4(411 444 1077 1044)
4(443 1076 1077 444)
4(1043 1044 1077 1076)
4(412 445 1078 1045)
4(444 1077 1078 445)
4(1044 1045 1078 1077)
4(413 446 1079 1046)
4(445 1078 1079 446)
4(1045 1046 1079 1078)
4(414 447 1080 1047)
4(446 1079 1080 447)
4(1046 1047 1080 1079)
4(415 448 1081 1048)
4(447 1080 1081 448)
4(1047 1048 1081 1080)
4(416 449 1082 1049)
4(448 1081 1082 449)
4(1048 1049 1082 1081)
4(417 450 1083 1050)
4(449 1082 1083 450)
4(1049 1050 1083 1082)
4(418 451 1084 1051)
4(450 1083 1084 451)
4(1050 1051 1084 1083)
4(419 452 1085 1052)
4(451 1084 1085 452)
4(1051 1052 1085 1084)
4(420 453 1086 1053)
4(452 1085 1086 453)
4(1052 1053 1086 1085)
4(421 454 1087 1054)
4(453 1086 1087 454)
4(1053 1054 1087 1086)
4(422 455 1088 1055)
4(454 1087 1088 455)
4(1054 1055 1088 1087)
4(423 456 1089 1056)
4(455 1088 1089 456)
4(1055 1056 1089 1088)
4(424 457 1090 1057)
4(456 1089 1090 457)
4(1056 1057 1090 1089)
4(425 458 1091 1058)
4(457 1090 1091 458)
4(1057 1058 1091 1090)
4(426 459 1092 1059)
4(458 1091 1092 459)
4(1058 1059 1092 1091)
4(427 460 1093 1060)
4(459 1092 1093 460)
4(1059 1060 1093 1092)
4(428 461 1094 1061)
4(460 1093 1094 461)
4(1060 1061 1094 1093)
4(429 462 1095 1062)
4(461 1094 1095 462)
4(1061 1062 1095 1094)
4(430 463 1096 1063)
4(462 1095 1096 463)
4(1062 1063 1096 1095)
4(431 464 1097 1064)
4(463 1096 1097 464)
4(1063 1064 1097 1096)
4(432 465 1098 1065)
4(464 1097 1098 465)
4(1064 1065 1098 1097)
4(433 466 1099 1066)
4(465 1098 1099 466)
4(1065 1066 1099 1098)
4(466 1099 1100 467)
4(1066 1067 1100 1099)
4(436 469 1102 1069)
4(468 1101 1102 469)
4(1068 1069 1102 1101)
4(437 470 1103 1070)
4(469 1102 1103 470)
4(1069 1070 1103 1102)
4(438 471 1104 1071)
4(470 1103 1104 471)
4(1070 1071 1104 1103)
4(439 472 1105 1072)
4(471 1104 1105 472)
4(1071 1072 1105 1104)
4(440 473 1106 1073)
4(472 1105 1106 473)
4(1072 1073 1106 1105)
4(441 474 1107 1074)
4(473 1106 1107 474)
4(1073 1074 1107 1106)
4(442 475 1108 1075)
4(474 1107 1108 475)
4(1074 1075 1108 1107)
4(443 476 1109 1076)
4(475 1108 1109 476)
4(1075 1076 1109 1108)
4(444 477 1110 1077)
4(476 1109 1110 477)
4(1076 1077 1110 1109)
4(445 478 1111 1078)
4(477 1110 1111 478)
4(1077 1078 1111 1110)
4(446 479 1112 1079)
4(478 1111 1112 479)
4(1078 1079 1112 1111)
4(447 480 1113 1080)
4(479 1112 1113 480)
4(1079 1080 1113 1112)
4(448 481 1114 1081)
4(480 1113 1114 481)
4(1080 1081 1114 1113)
4(449 482 1115 1082)
4(481 1114 1115 482)
4(1081 1082 1115 1114)
4(450 483 1116 1083)
4(482 1115 1116 483)
4(1082 1083 1116 1115)
4(451 484 1117 1084)
4(483 1116 1117 484)
4(1083 1084 1117 1116)
4(452 485 1118 1085)
4(484 1117 1118 485)
4(1084 1085 1118 1117)
4(453 486 1119 1086)
4(485 1118 1119 486)
4(1085 1086 1119 1118)
4(454 487 1120 1087)
4(486 1119 1120 487)
4(1086 1087 1120 1119)
4(455 488 1121 1088)
4(487 1120 1121 488)
4(1087 1088 1121 1120)
4(456 489 1122 1089)
4(488 1121 1122 489)
4(1088 1089 1122 1121)
4(457 490 1123 1090)
4(489 1122 1123 490)
4(1089 1090 1123 1122)
4(458 491 1124 1091)
4(490 1123 1124 491)
4(1090 1091 1124 1123)
4(459 492 1125 1092)
4(491 1124 1125 492)
4(1091 1092 1125 1124)
4(460 493 1126 1093)
4(492 1125 1126 493)
4(1092 1093 1126 1125)
4(461 494 1127 1094)
4(493 1126 1127 494)
4(1093 1094 1127 1126)
4(462 495 1128 1095)
4(494 1127 1128 495)
4(1094 1095 1128 1127)
4(463 496 1129 1096)
4(495 1128 1129 496)
4(1095 1096 1129 1128)
4(464 497 1130 1097)
4(496 1129 1130 497)
4(1096 1097 1130 1129)
4(465 498 1131 1098)
4(497 1130 1131 498)
4(1097 1098 1131 1130)
4(466 499 1132 1099)
4(498 1131 1132 499)
4(1098 1099 1132 1131)
4(499 1132 1133 500)
4(1099 1100 1133 1132)
4(469 502 1135 1102)
4(501 1134 1135 502)
4(1101 1102 1135 1134)
4(470 503 1136 1103)
4(502 1135 1136 503)
4(1102 1103 1136 1135)
4(471 504 1137 1104)
4(503 1136 1137 504)
4(1103 1104 1137 1136)
4(472 505 1138 1105)
4(504 1137 1138 505)
4(1104 1105 1138 1137)
4(473 506 1139 1106)
4(505 1138 1139 506)
4(1105 1106 1139 1138)
4(474 507 1140 1107)
4(506 1139 1140 507)
4(1106 1107 1140 1139)
4(475 508 1141 1108)
4(507 1140 1141 508)
4(1107 1108 1141 1140)
4(476 509 1142 1109)
4(508 1141 1142 509)
4(1108 1109 1142 1141)
4(477 510 1143 1110)
4(509 1142 1143 510)
4(1109 1110 1143 1142)
4(478 511 1144 1111)
4(510 1143 1144 511)
4(1110 1111 1144 1143)
4(479 512 1145 1112)
4(511 1144 1145 512)
4(1111 1112 1145 1144)
4(480 513 1146 1113)
4(512 1145 1146 513)
4(1112 1113 1146 1145)
4(481 514 1147 1114)
4(513 1146 1147 514)
4(1113 1114 1147 1146)
4(482 515 1148 1115)
4(514 1147 1148 515)
4(1114 1115 1148 1147)
4(483 516 1149 1116)
4(515 1148 1149 516)
4(1115 1116 1149 1148)
4(484 517 1150 1117)
4(516 1149 1150 517)
4(1116 1117 1150 1149)
4(485 518 1151 1118)
4(517 1150 1151 518)
4(1117 1118 1151 1150)
4(486 519 1152 1119)
4(518 1151 1152 519)
4(1118 1119 1152 1151)
4(487 520 1153 1120)
4(519 1152 1153 520)
4(1119 1120 1153 1152)
4(488 521 1154 1121)
4(520 1153 1154 521)
4(1120 1121 1154 1153)
4(489 522 1155 1122)
4(521 1154 1155 522)
4(1121 1122 1155 1154)
4(490 523 1156 1123)
4(522 1155 1156 523)
4(1122 1123 1156 1155)
4(491 524 1157 1124)
4(523 1156 1157 524)
4(1123 1124 1157 1156)
4(492 525 1158 1125)
4(524 1157 1158 525)
4(1124 1125 1158 1157)
4(493 526 1159 1126)
4(525 1158 1159 526)
4(1125 1126 1159 1158)
4(494 527 1160 1127)
4(526 1159 1160 527)
4(1126 1127 1160 1159)
4(495 528 1161 1128)
4(527 1160 1161 528)
4(1127 1128 1161 1160)
4(496 529 1162 1129)
4(528 1161 1162 529)
4(1128 1129 1162 1161)
4(497 530 1163 1130)
4(529 1162 1163 530)
4(1129 1130 1163 1162)
4(498 531 1164 1131)
4(530 1163 1164 531)
4(1130 1131 1164 1163)
4(499 532 1165 1132)
4(531 1164 1165 532)
4(1131 1132 1165 1164)
4(532 1165 1166 533)
4(1132 1133 1166 1165)
4(502 535 1168 1135)
4(534 1167 1168 535)
4(1134 1135 1168 1167)
4(503 536 1169 1136)
4(535 1168 1169 536)
4(1135 1136 1169 1168)
4(504 537 1170 1137)
4(536 1169 1170 537)
4(1136 1137 1170 1169)
4(505 538 1171 1138)
4(537 1170 1171 538)
4(1137 1138 1171 1170)
4(506 539 1172 1139)
4(538 1171 1172 539)
4(1138 1139 1172 1171)
4(507 540 1173 1140)
4(539 1172 1173 540)
4(1139 1140 1173 1172)
4(508 541 1174 1141)
4(540 1173 1174 541)
4(1140 1141 1174 1173)
4(509 542 1175 1142)
4(541 1174 1175 542)
4(1141 1142 1175 1174)
4(510 543 1176 1143)
4(542 1175 1176 543)
4(1142 1143 1176 1175)
4(511 544 1177 1144)
4(543 1176 1177 544)
4(1143 1144 1177 1176)
4(512 545 1178 1145)
4(544 1177 1178 545)
4(1144 1145 1178 1177)
4(513 546 1179 1146)
4(545 1178 1179 546)
4(1145 1146 1179 1178)
4(514 547 1180 1147)
4(546 1179 1180 547)
4(1146 1147 1180 1179)
4(515 548 1181 1148)
4(547 1180 1181 548)
4(1147 1148 1181 1180)
4(516 549 1182 1149)
4(548 1181 1182 549)
4(1148 1149 1182 1181)
4(517 550 1183 1150)
4(549 1182 1183 550)
4(1149 1150 1183 1182)
4(518 551 1184 1151)
4(550 1183 1184 551)
4(1150 1151 1184 1183)
4(519 552 1185 1152)
4(551 1184 1185 552)
4(1151 1152 1185 1184)
4(520 553 1186 1153)
4(552 1185 1186 553)
4(1152 1153 1186 1185)
4(521 554 1187 1154)
4(553 1186 1187 554)
4(1153 1154 1187 1186)
4(522 555 1188 1155)
4(554 1187 1188 555)
4(1154 1155 1188 1187)
4(523 556 1189 1156)
4(555 1188 1189 556)
4(1155 1156 1189 1188)
4(524 557 1190 1157)
4(556 1189 1190 557)
4(1156 1157 1190 1189)
4(525 558 1191 1158)
4(557 1190 1191 558)
4(1157 1158 1191 1190)
4(526 559 1192 1159)
4(558 1191 1192 559)
4(1158 1159 1192 1191)
4(527 560 1193 1160)
4(559 1192 1193 560)
4(1159 1160 1193 1192)
4(528 561 1194 1161)
4(560 1193 1194 561)
4(1160 1161 1194 1193)
4(529 562 1195 1162)
4(561 1194 1195 562)
4(1161 1162 1195 1194)
4(530 563 1196 1163)
4(562 1195 1196 563)
4(1162 1163 1196 1195)
4(531 564 1197 1164)
4(563 1196 1197 564)
4(1163 1164 1197 1196)
4(532 565 1198 1165)
4(564 1197 1198 565)
4(1164 1165 1198 1197)
4(565 1198 1199 566)
4(1165 1166 1199 1198)
4(535 568 1201 1168)
4(567 1200 1201 568)
4(1167 1168 1201 1200)
4(536 569 1202 1169)
4(568 1201 1202 569)
4(1168 1169 1202 1201)
4(537 570 1203 1170)
4(569 1202 1203 570)
4(1169 1170 1203 1202)
4(538 571 1204 1171)
4(570 1203 1204 571)
4(1170 1171 1204 1203)
4(539 572 1205 1172)
4(571 1204 1205 572)
4(1171 1172 1205 1204)
4(540 573 1206 1173)
4(572 1205 1206 573)
4(1172 1173 1206 1205)
4(541 574 1207 1174)
4(573 1206 1207 574)
4(1173 1174 1207 1206)
4(542 575 1208 1175)
4(574 1207 1208 575)
4(1174 1175 1208 1207)
4(543 576 1209 1176)
4(575 1208 1209 576)
4(1175 1176 1209 1208)
4(544 577 1210 1177)
4(576 1209 1210 577)
4(1176 1177 1210 1209)
4(545 578 1211 1178)
4(577 1210 1211 578)
4(1177 1178 1211 1210)
4(546 579 1212 1179)
4(578 1211 1212 579)
4(1178 1179 1212 1211)
4(547 580 1213 1180)
4(579 1212 1213 580)
4(1179 1180 1213 1212)
4(548 581 1214 1181)
4(580 1213 1214 581)
4(1180 1181 1214 1213)
4(549 582 1215 1182)
4(581 1214 1215 582)
4(1181 1182 1215 1214)
4(550 583 1216 1183)
4(582 1215 1216 583)
4(1182 1183 1216 1215)
4(551 584 1217 1184)
4(583 1216 1217 584)
4(1183 1184 1217 1216)
4(552 585 1218 1185)
4(584 1217 1218 585)
4(1184 1185 1218 1217)
4(553 586 1219 1186)
4(585 1218 1219 586)
4(1185 1186 1219 1218)
4(554 587 1220 1187)
4(586 1219 1220 587)
4(1186 1187 1220 1219)
4(555 588 1221 1188)
4(587 1220 1221 588)
4(1187 1188 1221 1220)
4(556 589 1222 1189)
4(588 1221 1222 589)
4(1188 1189 1222 1221)
4(557 590 1223 1190)
4(589 1222 1223 590)
4(1189 1190 1223 1222)
4(558 591 1224 1191)
4(590 1223 1224 591)
4(1190 1191 1224 1223)
4(559 592 1225 1192)
4(591 1224 1225 592)
4(1191 1192 1225 1224)
4(560 593 1226 1193)
4(592 1225 1226 593)
4(1192 1193 1226 1225)
4(561 594 1227 1194)
4(593 1226 1227 594)
4(1193 1194 1227 1226)
4(562 595 1228 1195)
4(594 1227 1228 595)
4(1194 1195 1228 1227)
4(563 596 1229 1196)
4(595 1228 1229 596)
4(1195 1196 1229 1228)
4(564 597 1230 1197)
4(596 1229 1230 597)
4(1196 1197 1230 1229)
4(565 598 1231 1198)
4(597 1230 1231 598)
4(1197 1198 1231 1230)
4(598 1231 1232 599)
4(1198 1199 1232 1231)
4(568 601 1234 1201)
4(1200 1201 1234 1233)
4(569 602 1235 1202)
4(1201 1202 1235 1234)
4(570 603 1236 1203)
4(1202 1203 1236 1235)
4(571 604 1237 1204)
4(1203 1204 1237 1236)
4(572 605 1238 1205)
4(1204 1205 1238 1237)
4(573 606 1239 1206)
4(1205 1206 1239 1238)
4(574 607 1240 1207)
4(1206 1207 1240 1239)
4(575 608 1241 1208)
4(1207 1208 1241 1240)
4(576 609 1242 1209)
4(1208 1209 1242 1241)
4(577 610 1243 1210)
4(1209 1210 1243 1242)
4(578 611 1244 1211)
4(1210 1211 1244 1243)
4(579 612 1245 1212)
4(1211 1212 1245 1244)
4(580 613 1246 1213)
4(1212 1213 1246 1245)
4(581 614 1247 1214)
4(1213 1214 1247 1246)
4(582 615 1248 1215)
4(1214 1215 1248 1247)
4(583 616 1249 1216)
4(1215 1216 1249 1248)
4(584 617 1250 1217)
4(1216 1217 1250 1249)
4(585 618 1251 1218)
4(1217 1218 1251 1250)
4(586 619 1252 1219)
4(1218 1219 1252 1251)
4(587 620 1253 1220)
4(1219 1220 1253 1252)
4(588 621 1254 1221)
4(1220 1221 1254 1253)
4(589 622 1255 1222)
4(1221 1222 1255 1254)
4(590 623 1256 1223)
4(1222 1223 1256 1255)
4(591 624 1257 1224)
4(1223 1224 1257 1256)
4(592 625 1258 1225)
4(1224 1225 1258 1257)
4(593 626 1259 1226)
4(1225 1226 1259 1258)
4(594 627 1260 1227)
4(1226 1227 1260 1259)
4(595 628 1261 1228)
4(1227 1228 1261 1260)
4(596 629 1262 1229)
4(1228 1229 1262 1261)
4(597 630 1263 1230)
4(1229 1230 1263 1262)
4(598 631 1264 1231)
4(1230 1231 1264 1263)
4(1231 1232 1265 1264)
4(634 667 1300 1267)
4(666 1299 1300 667)
4(635 668 1301 1268)
4(667 1300 1301 668)
4(636 669 1302 1269)
4(668 1301 1302 669)
4(637 670 1303 1270)
4(669 1302 1303 670)
4(638 671 1304 1271)
4(670 1303 1304 671)
4(639 672 1305 1272)
4(671 1304 1305 672)
4(640 673 1306 1273)
4(672 1305 1306 673)
4(641 674 1307 1274)
4(673 1306 1307 674)
4(642 675 1308 1275)
4(674 1307 1308 675)
4(643 676 1309 1276)
4(675 1308 1309 676)
4(644 677 1310 1277)
4(676 1309 1310 677)
4(645 678 1311 1278)
4(677 1310 1311 678)
4(646 679 1312 1279)
4(678 1311 1312 679)
4(647 680 1313 1280)
4(679 1312 1313 680)
4(648 681 1314 1281)
4(680 1313 1314 681)
4(649 682 1315 1282)
4(681 1314 1315 682)
4(650 683 1316 1283)
4(682 1315 1316 683)
4(651 684 1317 1284)
4(683 1316 1317 684)
4(652 685 1318 1285)
4(684 1317 1318 685)
4(653 686 1319 1286)
4(685 1318 1319 686)
4(654 687 1320 1287)
4(686 1319 1320 687)
4(655 688 1321 1288)
4(687 1320 1321 688)
4(656 689 1322 1289)
4(688 1321 1322 689)
4(657 690 1323 1290)
4(689 1322 1323 690)
4(658 691 1324 1291)
4(690 1323 1324 691)
4(659 692 1325 1292)
4(691 1324 1325 692)
4(660 693 1326 1293)
4(692 1325 1326 693)
4(661 694 1327 1294)
4(693 1326 1327 694)
4(662 695 1328 1295)
4(694 1327 1328 695)
4(663 696 1329 1296)
4(695 1328 1329 696)
4(664 697 1330 1297)
4(696 1329 1330 697)
4(697 1330 1331 698)
4(667 700 1333 1300)
4(699 1332 1333 700)
4(668 701 1334 1301)
4(700 1333 1334 701)
4(669 702 1335 1302)
4(701 1334 1335 702)
4(670 703 1336 1303)
4(702 1335 1336 703)
4(671 704 1337 1304)
4(703 1336 1337 704)
4(672 705 1338 1305)
4(704 1337 1338 705)
4(673 706 1339 1306)
4(705 1338 1339 706)
4(674 707 1340 1307)
4(706 1339 1340 707)
4(675 708 1341 1308)
4(707 1340 1341 708)
4(676 709 1342 1309)
4(708 1341 1342 709)
4(677 710 1343 1310)
4(709 1342 1343 710)
4(678 711 1344 1311)
4(710 1343 1344 711)
4(679 712 1345 1312)
4(711 1344 1345 712)
4(680 713 1346 1313)
4(712 1345 1346 713)
4(681 714 1347 1314)
4(713 1346 1347 714)
4(682 715 1348 1315)
4(714 1347 1348 715)
4(683 716 1349 1316)
4(715 1348 1349 716)
4(684 717 1350 1317)
4(716 1349 1350 717)
4(685 718 1351 1318)
4(717 1350 1351 718)
4(686 719 1352 1319)
4(718 1351 1352 719)
4(687 720 1353 1320)
4(719 1352 1353 720)
4(688 721 1354 1321)
4(720 1353 1354 721)
4(689 722 1355 1322)
4(721 1354 1355 722)
4(690 723 1356 1323)
4(722 1355 1356 723)
4(691 724 1357 1324)
4(723 1356 1357 724)
4(692 725 1358 1325)
4(724 1357 1358 725)
4(693 726 1359 1326)
4(725 1358 1359 726)
4(694 727 1360 1327)
4(726 1359 1360 727)
4(695 728 1361 1328)
4(727 1360 1361 728)
4(696 729 1362 1329)
4(728 1361 1362 729)
4(697 730 1363 1330)
4(729 1362 1363 730)
4(730 1363 1364 731)
4(700 733 1366 1333)
4(732 1365 1366 733)
4(701 734 1367 1334)
4(733 1366 1367 734)
4(702 735 1368 1335)
4(734 1367 1368 735)
4(703 736 1369 1336)
4(735 1368 1369 736)
4(704 737 1370 1337)
4(736 1369 1370 737)
4(705 738 1371 1338)
4(737 1370 1371 738)
4(706 739 1372 1339)
4(738 1371 1372 739)
4(707 740 1373 1340)
4(739 1372 1373 740)
4(708 741 1374 1341)
4(740 1373 1374 741)
4(709 742 1375 1342)
4(741 1374 1375 742)
4(710 743 1376 1343)
4(742 1375 1376 743)
4(711 744 1377 1344)
4(743 1376 1377 744)
4(712 745 1378 1345)
4(744 1377 1378 745)
4(713 746 1379 1346)
4(745 1378 1379 746)
4(714 747 1380 1347)
4(746 1379 1380 747)
4(715 748 1381 1348)
4(747 1380 1381 748)
4(716 749 1382 1349)
4(748 1381 1382 749)
4(717 750 1383 1350)
4(749 1382 1383 750)
4(718 751 1384 1351)
4(750 1383 1384 751)
4(719 752 1385 1352)
4(751 1384 1385 752)
4(720 753 1386 1353)
4(752 1385 1386 753)
4(721 754 1387 1354)
4(753 1386 1387 754)
4(722 755 1388 1355)
4(754 1387 1388 755)
4(723 756 1389 1356)
4(755 1388 1389 756)
4(724 757 1390 1357)
4(756 1389 1390 757)
4(725 758 1391 1358)
4(757 1390 1391 758)
4(726 759 1392 1359)
4(758 1391 1392 759)
4(727 760 1393 1360)
4(759 1392 1393 760)
4(728 761 1394 1361)
4(760 1393 1394 761)
4(729 762 1395 1362)
4(761 1394 1395 762)
4(730 763 1396 1363)
4(762 1395 1396 763)
4(763 1396 1397 764)
4(733 766 1399 1366)
4(765 1398 1399 766)
4(734 767 1400 1367)
4(766 1399 1400 767)
4(735 768 1401 1368)
4(767 1400 1401 768)
4(736 769 1402 1369)
4(768 1401 1402 769)
4(737 770 1403 1370)
4(769 1402 1403 770)
4(738 771 1404 1371)
4(770 1403 1404 771)
4(739 772 1405 1372)
4(771 1404 1405 772)
4(740 773 1406 1373)
4(772 1405 1406 773)
4(741 774 1407 1374)
4(773 1406 1407 774)
4(742 775 1408 1375)
4(774 1407 1408 775)
4(743 776 1409 1376)
4(775 1408 1409 776)
4(744 777 1410 1377)
4(776 1409 1410 777)
4(745 778 1411 1378)
4(777 1410 1411 778)
4(746 779 1412 1379)
4(778 1411 1412 779)
4(747 780 1413 1380)
4(779 1412 1413 780)
4(748 781 1414 1381)
4(780 1413 1414 781)
4(749 782 1415 1382)
4(781 1414 1415 782)
4(750 783 1416 1383)
4(782 1415 1416 783)
4(751 784 1417 1384)
4(783 1416 1417 784)
4(752 785 1418 1385)
4(784 1417 1418 785)
4(753 786 1419 1386)
4(785 1418 1419 786)
4(754 787 1420 1387)
4(786 1419 1420 787)
4(755 788 1421 1388)
4(787 1420 1421 788)
4(756 789 1422 1389)
4(788 1421 1422 789)
4(757 790 1423 1390)
4(789 1422 1423 790)
4(758 791 1424 1391)
4(790 1423 1424 791)
4(759 792 1425 1392)
4(791 1424 1425 792)
4(760 793 1426 1393)
4(792 1425 1426 793)
4(761 794 1427 1394)
4(793 1426 1427 794)
4(762 795 1428 1395)
4(794 1427 1428 795)
4(763 796 1429 1396)
4(795 1428 1429 796)
4(796 1429 1430 797)
4(766 799 1432 1399)
4(798 1431 1432 799)
4(767 800 1433 1400)
4(799 1432 1433 800)
4(768 801 1434 1401)
4(800 1433 1434 801)
4(769 802 1435 1402)
4(801 1434 1435 802)
4(770 803 1436 1403)
4(802 1435 1436 803)
4(771 804 1437 1404)
4(803 1436 1437 804)
4(772 805 1438 1405)
4(804 1437 1438 805)
4(773 806 1439 1406)
4(805 1438 1439 806)
4(774 807 1440 1407)
4(806 1439 1440 807)
4(775 808 1441 1408)
4(807 1440 1441 808)
4(776 809 1442 1409)
4(808 1441 1442 809)
4(777 810 1443 1410)
4(809 1442 1443 810)
4(778 811 1444 1411)
4(810 1443 1444 811)
4(779 812 1445 1412)
4(811 1444 1445 812)
4(780 813 1446 1413)
4(812 1445 1446 813)
4(781 814 1447 1414)
4(813 1446 1447 814)
4(782 815 1448 1415)
4(814 1447 1448 815)
4(783 816 1449 1416)
4(815 1448 1449 816)
4(784 817 1450 1417)
4(816 1449 1450 817)
4(785 818 1451 1418)
4(817 1450 1451 818)
4(786 819 1452 1419)
4(818 1451 1452 819)
4(787 820 1453 1420)
4(819 1452 1453 820)
4(788 821 1454 1421)
4(820 1453 1454 821)
4(789 822 1455 1422)
4(821 1454 1455 822)
4(790 823 1456 1423)
4(822 1455 1456 823)
4(791 824 1457 1424)
4(823 1456 1457 824)
4(792 825 1458 1425)
4(824 1457 1458 825)
4(793 826 1459 1426)
4(825 1458 1459 826)
4(794 827 1460 1427)
4(826 1459 1460 827)
4(795 828 1461 1428)
4(827 1460 1461 828)
4(796 829 1462 1429)
4(828 1461 1462 829)
4(829 1462 1463 830)
4(799 832 1465 1432)
4(831 1464 1465 832)
4(800 833 1466 1433)
4(832 1465 1466 833)
4(801 834 1467 1434)
4(833 1466 1467 834)
4(802 835 1468 1435)
4(834 1467 1468 835)
4(803 836 1469 1436)
4(835 1468 1469 836)
4(804 837 1470 1437)
4(836 1469 1470 837)
4(805 838 1471 1438)
4(837 1470 1471 838)
4(806 839 1472 1439)
4(838 1471 1472 839)
4(807 840 1473 1440)
4(839 1472 1473 840)
4(808 841 1474 1441)
4(840 1473 1474 841)
4(809 842 1475 1442)
4(841 1474 1475 842)
4(810 843 1476 1443)
4(842 1475 1476 843)
4(811 844 1477 1444)
4(843 1476 1477 844)
4(812 845 1478 1445)
4(844 1477 1478 845)
4(813 846 1479 1446)
4(845 1478 1479 846)
4(814 847 1480 1447)
4(846 1479 1480 847)
4(815 848 1481 1448)
4(847 1480 1481 848)
4(816 849 1482 1449)
4(848 1481 1482 849)
4(817 850 1483 1450)
4(849 1482 1483 850)
4(818 851 1484 1451)
4(850 1483 1484 851)
4(819 852 1485 1452)
4(851 1484 1485 852)
4(820 853 1486 1453)
4(852 1485 1486 853)
4(821 854 1487 1454)
4(853 1486 1487 854)
4(822 855 1488 1455)
4(854 1487 1488 855)
4(823 856 1489 1456)
4(855 1488 1489 856)
4(824 857 1490 1457)
4(856 1489 1490 857)
4(825 858 1491 1458)
4(857 1490 1491 858)
4(826 859 1492 1459)
4(858 1491 1492 859)
4(827 860 1493 1460)
4(859 1492 1493 860)
4(828 861 1494 1461)
4(860 1493 1494 861)
4(829 862 1495 1462)
4(861 1494 1495 862)
4(862 1495 1496 863)
4(832 865 1498 1465)
4(833 866 1499 1466)
4(834 867 1500 1467)
4(835 868 1501 1468)
4(836 869 1502 1469)
4(837 870 1503 1470)
4(838 871 1504 1471)
4(870 1503 1504 871)
4(839 872 1505 1472)
4(871 1504 1505 872)
4(840 873 1506 1473)
4(872 1505 1506 873)
4(841 874 1507 1474)
4(873 1506 1507 874)
4(842 875 1508 1475)
4(874 1507 1508 875)
4(843 876 1509 1476)
4(875 1508 1509 876)
4(844 877 1510 1477)
4(876 1509 1510 877)
4(845 878 1511 1478)
4(877 1510 1511 878)
4(846 879 1512 1479)
4(878 1511 1512 879)
4(847 880 1513 1480)
4(879 1512 1513 880)
4(848 881 1514 1481)
4(880 1513 1514 881)
4(849 882 1515 1482)
4(881 1514 1515 882)
4(850 883 1516 1483)
4(882 1515 1516 883)
4(851 884 1517 1484)
4(883 1516 1517 884)
4(852 885 1518 1485)
4(884 1517 1518 885)
4(853 886 1519 1486)
4(885 1518 1519 886)
4(854 887 1520 1487)
4(886 1519 1520 887)
4(855 888 1521 1488)
4(887 1520 1521 888)
4(856 889 1522 1489)
4(888 1521 1522 889)
4(857 890 1523 1490)
4(889 1522 1523 890)
4(858 891 1524 1491)
4(859 892 1525 1492)
4(860 893 1526 1493)
4(861 894 1527 1494)
4(862 895 1528 1495)
4(871 898 1531 1504)
4(897 1530 1531 898)
4(872 899 1532 1505)
4(898 1531 1532 899)
4(873 900 1533 1506)
4(899 1532 1533 900)
4(874 901 1534 1507)
4(900 1533 1534 901)
4(875 902 1535 1508)
4(901 1534 1535 902)
4(876 903 1536 1509)
4(902 1535 1536 903)
4(877 904 1537 1510)
4(903 1536 1537 904)
4(878 905 1538 1511)
4(904 1537 1538 905)
4(879 906 1539 1512)
4(905 1538 1539 906)
4(880 907 1540 1513)
4(906 1539 1540 907)
4(881 908 1541 1514)
4(907 1540 1541 908)
4(882 909 1542 1515)
4(908 1541 1542 909)
4(883 910 1543 1516)
4(909 1542 1543 910)
4(884 911 1544 1517)
4(910 1543 1544 911)
4(885 912 1545 1518)
4(911 1544 1545 912)
4(886 913 1546 1519)
4(912 1545 1546 913)
4(887 914 1547 1520)
4(913 1546 1547 914)
4(888 915 1548 1521)
4(914 1547 1548 915)
4(889 916 1549 1522)
4(915 1548 1549 916)
4(916 1549 1550 917)
4(898 919 1552 1531)
4(918 1551 1552 919)
4(899 920 1553 1532)
4(919 1552 1553 920)
4(900 921 1554 1533)
4(920 1553 1554 921)
4(901 922 1555 1534)
4(921 1554 1555 922)
4(902 923 1556 1535)
4(922 1555 1556 923)
4(903 924 1557 1536)
4(923 1556 1557 924)
4(904 925 1558 1537)
4(924 1557 1558 925)
4(905 926 1559 1538)
4(925 1558 1559 926)
4(906 927 1560 1539)
4(926 1559 1560 927)
4(907 928 1561 1540)
4(927 1560 1561 928)
4(908 929 1562 1541)
4(928 1561 1562 929)
4(909 930 1563 1542)
4(929 1562 1563 930)
4(910 931 1564 1543)
4(930 1563 1564 931)
4(911 932 1565 1544)
4(931 1564 1565 932)
4(912 933 1566 1545)
4(932 1565 1566 933)
4(913 934 1567 1546)
4(933 1566 1567 934)
4(914 935 1568 1547)
4(934 1567 1568 935)
4(915 936 1569 1548)
4(935 1568 1569 936)
4(916 937 1570 1549)
4(936 1569 1570 937)
4(937 1570 1571 938)
4(919 940 1573 1552)
4(939 1572 1573 940)
4(920 941 1574 1553)
4(940 1573 1574 941)
4(921 942 1575 1554)
4(941 1574 1575 942)
4(922 943 1576 1555)
4(942 1575 1576 943)
4(923 944 1577 1556)
4(943 1576 1577 944)
4(924 945 1578 1557)
4(944 1577 1578 945)
4(925 946 1579 1558)
4(945 1578 1579 946)
4(926 947 1580 1559)
4(946 1579 1580 947)
4(927 948 1581 1560)
4(947 1580 1581 948)
4(928 949 1582 1561)
4(948 1581 1582 949)
4(929 950 1583 1562)
4(949 1582 1583 950)
4(930 951 1584 1563)
4(950 1583 1584 951)
4(931 952 1585 1564)
4(951 1584 1585 952)
4(932 953 1586 1565)
4(952 1585 1586 953)
4(933 954 1587 1566)
4(953 1586 1587 954)
4(934 955 1588 1567)
4(954 1587 1588 955)
4(935 956 1589 1568)
4(955 1588 1589 956)
4(936 957 1590 1569)
4(956 1589 1590 957)
4(937 958 1591 1570)
4(957 1590 1591 958)
4(958 1591 1592 959)
4(940 961 1594 1573)
4(960 1593 1594 961)
4(941 962 1595 1574)
4(961 1594 1595 962)
4(942 963 1596 1575)
4(962 1595 1596 963)
4(943 964 1597 1576)
4(963 1596 1597 964)
4(944 965 1598 1577)
4(964 1597 1598 965)
4(945 966 1599 1578)
4(965 1598 1599 966)
4(946 967 1600 1579)
4(966 1599 1600 967)
4(947 968 1601 1580)
4(967 1600 1601 968)
4(948 969 1602 1581)
4(968 1601 1602 969)
4(949 970 1603 1582)
4(969 1602 1603 970)
4(950 971 1604 1583)
4(970 1603 1604 971)
4(951 972 1605 1584)
4(971 1604 1605 972)
4(952 973 1606 1585)
4(972 1605 1606 973)
4(953 974 1607 1586)
4(973 1606 1607 974)
4(954 975 1608 1587)
4(974 1607 1608 975)
4(955 976 1609 1588)
4(975 1608 1609 976)
4(956 977 1610 1589)
4(976 1609 1610 977)
4(957 978 1611 1590)
4(977 1610 1611 978)
4(958 979 1612 1591)
4(978 1611 1612 979)
4(979 1612 1613 980)
4(961 982 1615 1594)
4(981 1614 1615 982)
4(962 983 1616 1595)
4(982 1615 1616 983)
4(963 984 1617 1596)
4(983 1616 1617 984)
4(964 985 1618 1597)
4(984 1617 1618 985)
4(965 986 1619 1598)
4(985 1618 1619 986)
4(966 987 1620 1599)
4(986 1619 1620 987)
4(967 988 1621 1600)
4(987 1620 1621 988)
4(968 989 1622 1601)
4(988 1621 1622 989)
4(969 990 1623 1602)
4(989 1622 1623 990)
4(970 991 1624 1603)
4(990 1623 1624 991)
4(971 992 1625 1604)
4(991 1624 1625 992)
4(972 993 1626 1605)
4(992 1625 1626 993)
4(973 994 1627 1606)
4(993 1626 1627 994)
4(974 995 1628 1607)
4(994 1627 1628 995)
4(975 996 1629 1608)
4(995 1628 1629 996)
4(976 997 1630 1609)
4(996 1629 1630 997)
4(977 998 1631 1610)
4(997 1630 1631 998)
4(978 999 1632 1611)
4(998 1631 1632 999)
4(979 1000 1633 1612)
4(999 1632 1633 1000)
4(1000 1633 1634 1001)
4(982 1009 1642 1615)
4(1008 1641 1642 1009)
4(983 1010 1643 1616)
4(1009 1642 1643 1010)
4(984 1011 1644 1617)
4(1010 1643 1644 1011)
4(985 1012 1645 1618)
4(1011 1644 1645 1012)
4(986 1013 1646 1619)
4(1012 1645 1646 1013)
4(987 1014 1647 1620)
4(1013 1646 1647 1014)
4(988 1015 1648 1621)
4(1014 1647 1648 1015)
4(989 1016 1649 1622)
4(1015 1648 1649 1016)
4(990 1017 1650 1623)
4(1016 1649 1650 1017)
4(991 1018 1651 1624)
4(1017 1650 1651 1018)
4(992 1019 1652 1625)
4(1018 1651 1652 1019)
4(993 1020 1653 1626)
4(1019 1652 1653 1020)
4(994 1021 1654 1627)
4(1020 1653 1654 1021)
4(995 1022 1655 1628)
4(1021 1654 1655 1022)
4(996 1023 1656 1629)
4(1022 1655 1656 1023)
4(997 1024 1657 1630)
4(1023 1656 1657 1024)
4(998 1025 1658 1631)
4(1024 1657 1658 1025)
4(999 1026 1659 1632)
4(1025 1658 1659 1026)
4(1000 1027 1660 1633)
4(1026 1659 1660 1027)
4(1027 1660 1661 1028)
4(1003 1036 1669 1636)
4(1035 1668 1669 1036)
4(1004 1037 1670 1637)
4(1036 1669 1670 1037)
4(1005 1038 1671 1638)
4(1037 1670 1671 1038)
4(1006 1039 1672 1639)
4(1038 1671 1672 1039)
4(1007 1040 1673 1640)
4(1039 1672 1673 1040)
4(1008 1041 1674 1641)
4(1040 1673 1674 1041)
4(1009 1042 1675 1642)
4(1041 1674 1675 1042)
4(1010 1043 1676 1643)
4(1042 1675 1676 1043)
4(1011 1044 1677 1644)
4(1043 1676 1677 1044)
4(1012 1045 1678 1645)
4(1044 1677 1678 1045)
4(1013 1046 1679 1646)
4(1045 1678 1679 1046)
4(1014 1047 1680 1647)
4(1046 1679 1680 1047)
4(1015 1048 1681 1648)
4(1047 1680 1681 1048)
4(1016 1049 1682 1649)
4(1048 1681 1682 1049)
4(1017 1050 1683 1650)
4(1049 1682 1683 1050)
4(1018 1051 1684 1651)
4(1050 1683 1684 1051)
4(1019 1052 1685 1652)
4(1051 1684 1685 1052)
4(1020 1053 1686 1653)
4(1052 1685 1686 1053)
4(1021 1054 1687 1654)
4(1053 1686 1687 1054)
4(1022 1055 1688 1655)
4(1054 1687 1688 1055)
4(1023 1056 1689 1656)
4(1055 1688 1689 1056)
4(1024 1057 1690 1657)
4(1056 1689 1690 1057)
4(1025 1058 1691 1658)
4(1057 1690 1691 1058)
4(1026 1059 1692 1659)
4(1058 1691 1692 1059)
4(1027 1060 1693 1660)
4(1059 1692 1693 1060)
4(1028 1061 1694 1661)
4(1060 1693 1694 1061)
4(1029 1062 1695 1662)
4(1061 1694 1695 1062)
4(1030 1063 1696 1663)
4(1062 1695 1696 1063)
4(1031 1064 1697 1664)
4(1063 1696 1697 1064)
4(1032 1065 1698 1665)
4(1064 1697 1698 1065)
4(1033 1066 1699 1666)
4(1065 1698 1699 1066)
4(1066 1699 1700 1067)
4(1036 1069 1702 1669)
4(1068 1701 1702 1069)
4(1037 1070 1703 1670)
4(1069 1702 1703 1070)
4(1038 1071 1704 1671)
4(1070 1703 1704 1071)
4(1039 1072 1705 1672)
4(1071 1704 1705 1072)
4(1040 1073 1706 1673)
4(1072 1705 1706 1073)
4(1041 1074 1707 1674)
4(1073 1706 1707 1074)
4(1042 1075 1708 1675)
4(1074 1707 1708 1075)
4(1043 1076 1709 1676)
4(1075 1708 1709 1076)
4(1044 1077 1710 1677)
4(1076 1709 1710 1077)
4(1045 1078 1711 1678)
4(1077 1710 1711 1078)
4(1046 1079 1712 1679)
4(1078 1711 1712 1079)
4(1047 1080 1713 1680)
4(1079 1712 1713 1080)
4(1048 1081 1714 1681)
4(1080 1713 1714 1081)
4(1049 1082 1715 1682)
4(1081 1714 1715 1082)
4(1050 1083 1716 1683)
4(1082 1715 1716 1083)
4(1051 1084 1717 1684)
4(1083 1716 1717 1084)
4(1052 1085 1718 1685)
4(1084 1717 1718 1085)
4(1053 1086 1719 1686)
4(1085 1718 1719 1086)
4(1054 1087 1720 1687)
4(1086 1719 1720 1087)
4(1055 1088 1721 1688)
4(1087 1720 1721 1088)
4(1056 1089 1722 1689)
4(1088 1721 1722 1089)
4(1057 1090 1723 1690)
4(1089 1722 1723 1090)
4(1058 1091 1724 1691)
4(1090 1723 1724 1091)
4(1059 1092 1725 1692)
4(1091 1724 1725 1092)
4(1060 1093 1726 1693)
4(1092 1725 1726 1093)
4(1061 1094 1727 1694)
4(1093 1726 1727 1094)
4(1062 1095 1728 1695)
4(1094 1727 1728 1095)
4(1063 1096 1729 1696)
4(1095 1728 1729 1096)
4(1064 1097 1730 1697)
4(1096 1729 1730 1097)
4(1065 1098 1731 1698)
4(1097 1730 1731 1098)
4(1066 1099 1732 1699)
4(1098 1731 1732 1099)
4(1099 1732 1733 1100)
4(1069 1102 1735 1702)
4(1101 1734 1735 1102)
4(1070 1103 1736 1703)
4(1102 1735 1736 1103)
4(1071 1104 1737 1704)
4(1103 1736 1737 1104)
4(1072 1105 1738 1705)
4(1104 1737 1738 1105)
4(1073 1106 1739 1706)
4(1105 1738 1739 1106)
4(1074 1107 1740 1707)
4(1106 1739 1740 1107)
4(1075 1108 1741 1708)
4(1107 1740 1741 1108)
4(1076 1109 1742 1709)
4(1108 1741 1742 1109)
4(1077 1110 1743 1710)
4(1109 1742 1743 1110)
4(1078 1111 1744 1711)
4(1110 1743 1744 1111)
4(1079 1112 1745 1712)
4(1111 1744 1745 1112)
4(1080 1113 1746 1713)
4(1112 1745 1746 1113)
4(1081 1114 1747 1714)
4(1113 1746 1747 1114)
4(1082 1115 1748 1715)
4(1114 1747 1748 1115)
4(1083 1116 1749 1716)
4(1115 1748 1749 1116)
4(1084 1117 1750 1717)
4(1116 1749 1750 1117)
4(1085 1118 1751 1718)
4(1117 1750 1751 1118)
4(1086 1119 1752 1719)
4(1118 1751 1752 1119)
4(1087 1120 1753 1720)
4(1119 1752 1753 1120)
4(1088 1121 1754 1721)
4(1120 1753 1754 1121)
4(1089 1122 1755 1722)
4(1121 1754 1755 1122)
4(1090 1123 1756 1723)
4(1122 1755 1756 1123)
4(1091 1124 1757 1724)
4(1123 1756 1757 1124)
4(1092 1125 1758 1725)
4(1124 1757 1758 1125)
4(1093 1126 1759 1726)
4(1125 1758 1759 1126)
4(1094 1127 1760 1727)
4(1126 1759 1760 1127)
4(1095 1128 1761 1728)
4(1127 1760 1761 1128)
4(1096 1129 1762 1729)
4(1128 1761 1762 1129)
4(1097 1130 1763 1730)
4(1129 1762 1763 1130)
4(1098 1131 1764 1731)
4(1130 1763 1764 1131)
4(1099 1132 1765 1732)
4(1131 1764 1765 1132)
4(1132 1765 1766 1133)
4(1102 1135 1768 1735)
4(1134 1767 1768 1135)
4(1103 1136 1769 1736)
4(1135 1768 1769 1136)
4(1104 1137 1770 1737)
4(1136 1769 1770 1137)
4(1105 1138 1771 1738)
4(1137 1770 1771 1138)
4(1106 1139 1772 1739)
4(1138 1771 1772 1139)
4(1107 1140 1773 1740)
4(1139 1772 1773 1140)
4(1108 1141 1774 1741)
4(1140 1773 1774 1141)
4(1109 1142 1775 1742)
4(1141 1774 1775 1142)
4(1110 1143 1776 1743)
4(1142 1775 1776 1143)
4(1111 1144 1777 1744)
4(1143 1776 1777 1144)
4(1112 1145 1778 1745)
4(1144 1777 1778 1145)
4(1113 1146 1779 1746)
4(1145 1778 1779 1146)
4(1114 1147 1780 1747)
4(1146 1779 1780 1147)
4(1115 1148 1781 1748)
4(1147 1780 1781 1148)
4(1116 1149 1782 1749)
4(1148 1781 1782 1149)
4(1117 1150 1783 1750)
4(1149 1782 1783 1150)
4(1118 1151 1784 1751)
4(1150 1783 1784 1151)
4(1119 1152 1785 1752)
4(1151 1784 1785 1152)
4(1120 1153 1786 1753)
4(1152 1785 1786 1153)
4(1121 1154 1787 1754)
4(1153 1786 1787 1154)
4(1122 1155 1788 1755)
4(1154 1787 1788 1155)
4(1123 1156 1789 1756)
4(1155 1788 1789 1156)
4(1124 1157 1790 1757)
4(1156 1789 1790 1157)
4(1125 1158 1791 1758)
4(1157 1790 1791 1158)
4(1126 1159 1792 1759)
4(1158 1791 1792 1159)
4(1127 1160 1793 1760)
4(1159 1792 1793 1160)
4(1128 1161 1794 1761)
4(1160 1793 1794 1161)
4(1129 1162 1795 1762)
4(1161 1794 1795 1162)
4(1130 1163 1796 1763)
4(1162 1795 1796 1163)
4(1131 1164 1797 1764)
4(1163 1796 1797 1164)
4(1132 1165 1798 1765)
4(1164 1797 1798 1165)
4(1165 1798 1799 1166)
4(1135 1168 1801 1768)
4(1167 1800 1801 1168)
4(1136 1169 1802 1769)
4(1168 1801 1802 1169)
4(1137 1170 1803 1770)
4(1169 1802 1803 1170)
4(1138 1171 1804 1771)
4(1170 1803 1804 1171)
4(1139 1172 1805 1772)
4(1171 1804 1805 1172)
4(1140 1173 1806 1773)
4(1172 1805 1806 1173)
4(1141 1174 1807 1774)
4(1173 1806 1807 1174)
4(1142 1175 1808 1775)
4(1174 1807 1808 1175)
4(1143 1176 1809 1776)
4(1175 1808 1809 1176)
4(1144 1177 1810 1777)
4(1176 1809 1810 1177)
4(1145 1178 1811 1778)
4(1177 1810 1811 1178)
4(1146 1179 1812 1779)
4(1178 1811 1812 1179)
4(1147 1180 1813 1780)
4(1179 1812 1813 1180)
4(1148 1181 1814 1781)
4(1180 1813 1814 1181)
4(1149 1182 1815 1782)
4(1181 1814 1815 1182)
4(1150 1183 1816 1783)
4(1182 1815 1816 1183)
4(1151 1184 1817 1784)
4(1183 1816 1817 1184)
4(1152 1185 1818 1785)
4(1184 1817 1818 1185)
4(1153 1186 1819 1786)
4(1185 1818 1819 1186)
4(1154 1187 1820 1787)
4(1186 1819 1820 1187)
4(1155 1188 1821 1788)
4(1187 1820 1821 1188)
4(1156 1189 1822 1789)
4(1188 1821 1822 1189)
4(1157 1190 1823 1790)
4(1189 1822 1823 1190)
4(1158 1191 1824 1791)
4(1190 1823 1824 1191)
4(1159 1192 1825 1792)
4(1191 1824 1825 1192)
4(1160 1193 1826 1793)
4(1192 1825 1826 1193)
4(1161 1194 1827 1794)
4(1193 1826 1827 1194)
4(1162 1195 1828 1795)
4(1194 1827 1828 1195)
4(1163 1196 1829 1796)
4(1195 1828 1829 1196)
4(1164 1197 1830 1797)
4(1196 1829 1830 1197)
4(1165 1198 1831 1798)
4(1197 1830 1831 1198)
4(1198 1831 1832 1199)
4(1168 1201 1834 1801)
4(1200 1833 1834 1201)
4(1169 1202 1835 1802)
4(1201 1834 1835 1202)
4(1170 1203 1836 1803)
4(1202 1835 1836 1203)
4(1171 1204 1837 1804)
4(1203 1836 1837 1204)
4(1172 1205 1838 1805)
4(1204 1837 1838 1205)
4(1173 1206 1839 1806)
4(1205 1838 1839 1206)
4(1174 1207 1840 1807)
4(1206 1839 1840 1207)
4(1175 1208 1841 1808)
4(1207 1840 1841 1208)
4(1176 1209 1842 1809)
4(1208 1841 1842 1209)
4(1177 1210 1843 1810)
4(1209 1842 1843 1210)
4(1178 1211 1844 1811)
4(1210 1843 1844 1211)
4(1179 1212 1845 1812)
4(1211 1844 1845 1212)
4(1180 1213 1846 1813)
4(1212 1845 1846 1213)
4(1181 1214 1847 1814)
4(1213 1846 1847 1214)
4(1182 1215 1848 1815)
4(1214 1847 1848 1215)
4(1183 1216 1849 1816)
4(1215 1848 1849 1216)
4(1184 1217 1850 1817)
4(1216 1849 1850 1217)
4(1185 1218 1851 1818)
4(1217 1850 1851 1218)
4(1186 1219 1852 1819)
4(1218 1851 1852 1219)
4(1187 1220 1853 1820)
4(1219 1852 1853 1220)
4(1188 1221 1854 1821)
4(1220 1853 1854 1221)
4(1189 1222 1855 1822)
4(1221 1854 1855 1222)
4(1190 1223 1856 1823)
4(1222 1855 1856 1223)
4(1191 1224 1857 1824)
4(1223 1856 1857 1224)
4(1192 1225 1858 1825)
4(1224 1857 1858 1225)
4(1193 1226 1859 1826)
4(1225 1858 1859 1226)
4(1194 1227 1860 1827)
4(1226 1859 1860 1227)
4(1195 1228 1861 1828)
4(1227 1860 1861 1228)
4(1196 1229 1862 1829)
4(1228 1861 1862 1229)
4(1197 1230 1863 1830)
4(1229 1862 1863 1230)
4(1198 1231 1864 1831)
4(1230 1863 1864 1231)
4(1231 1864 1865 1232)
4(1201 1234 1867 1834)
4(1202 1235 1868 1835)
4(1203 1236 1869 1836)
4(1204 1237 1870 1837)
4(1205 1238 1871 1838)
4(1206 1239 1872 1839)
4(1207 1240 1873 1840)
4(1208 1241 1874 1841)
4(1209 1242 1875 1842)
4(1210 1243 1876 1843)
4(1211 1244 1877 1844)
4(1212 1245 1878 1845)
4(1213 1246 1879 1846)
4(1214 1247 1880 1847)
4(1215 1248 1881 1848)
4(1216 1249 1882 1849)
4(1217 1250 1883 1850)
4(1218 1251 1884 1851)
4(1219 1252 1885 1852)
4(1220 1253 1886 1853)
4(1221 1254 1887 1854)
4(1222 1255 1888 1855)
4(1223 1256 1889 1856)
4(1224 1257 1890 1857)
4(1225 1258 1891 1858)
4(1226 1259 1892 1859)
4(1227 1260 1893 1860)
4(1228 1261 1894 1861)
4(1229 1262 1895 1862)
4(1230 1263 1896 1863)
4(1231 1264 1897 1864)
4(32 65 698 665)
4(65 98 731 698)
4(98 131 764 731)
4(131 164 797 764)
4(164 197 830 797)
4(197 230 863 830)
4(230 263 896 863)
4(401 434 1067 1034)
4(434 467 1100 1067)
4(467 500 1133 1100)
4(500 533 1166 1133)
4(533 566 1199 1166)
4(566 599 1232 1199)
4(600 1233 1234 601)
4(601 1234 1235 602)
4(602 1235 1236 603)
4(603 1236 1237 604)
4(604 1237 1238 605)
4(605 1238 1239 606)
4(606 1239 1240 607)
4(607 1240 1241 608)
4(608 1241 1242 609)
4(609 1242 1243 610)
4(610 1243 1244 611)
4(611 1244 1245 612)
4(612 1245 1246 613)
4(613 1246 1247 614)
4(614 1247 1248 615)
4(615 1248 1249 616)
4(616 1249 1250 617)
4(617 1250 1251 618)
4(618 1251 1252 619)
4(619 1252 1253 620)
4(620 1253 1254 621)
4(621 1254 1255 622)
4(622 1255 1256 623)
4(623 1256 1257 624)
4(624 1257 1258 625)
4(625 1258 1259 626)
4(626 1259 1260 627)
4(627 1260 1261 628)
4(628 1261 1262 629)
4(629 1262 1263 630)
4(630 1263 1264 631)
4(599 632 1265 1232)
4(631 1264 1265 632)
4(665 698 1331 1298)
4(698 731 1364 1331)
4(731 764 1397 1364)
4(764 797 1430 1397)
4(797 830 1463 1430)
4(830 863 1496 1463)
4(863 896 1529 1496)
4(1034 1067 1700 1667)
4(1067 1100 1733 1700)
4(1100 1133 1766 1733)
4(1133 1166 1799 1766)
4(1166 1199 1832 1799)
4(1199 1232 1865 1832)
4(1233 1866 1867 1234)
4(1234 1867 1868 1235)
4(1235 1868 1869 1236)
4(1236 1869 1870 1237)
4(1237 1870 1871 1238)
4(1238 1871 1872 1239)
4(1239 1872 1873 1240)
4(1240 1873 1874 1241)
4(1241 1874 1875 1242)
4(1242 1875 1876 1243)
4(1243 1876 1877 1244)
4(1244 1877 1878 1245)
4(1245 1878 1879 1246)
4(1246 1879 1880 1247)
4(1247 1880 1881 1248)
4(1248 1881 1882 1249)
4(1249 1882 1883 1250)
4(1250 1883 1884 1251)
4(1251 1884 1885 1252)
4(1252 1885 1886 1253)
4(1253 1886 1887 1254)
4(1254 1887 1888 1255)
4(1255 1888 1889 1256)
4(1256 1889 1890 1257)
4(1257 1890 1891 1258)
4(1258 1891 1892 1259)
4(1259 1892 1893 1260)
4(1260 1893 1894 1261)
4(1261 1894 1895 1262)
4(1262 1895 1896 1263)
4(1263 1896 1897 1264)
4(1232 1265 1898 1865)
4(1264 1897 1898 1265)
4(0 1 634 633)
4(1 2 635 634)
4(2 3 636 635)
4(3 4 637 636)
4(4 5 638 637)
4(5 6 639 638)
4(6 7 640 639)
4(7 8 641 640)
4(8 9 642 641)
4(9 10 643 642)
4(10 11 644 643)
4(11 12 645 644)
4(12 13 646 645)
4(13 14 647 646)
4(14 15 648 647)
4(15 16 649 648)
4(16 17 650 649)
4(17 18 651 650)
4(18 19 652 651)
4(19 20 653 652)
4(20 21 654 653)
4(21 22 655 654)
4(22 23 656 655)
4(23 24 657 656)
4(24 25 658 657)
4(25 26 659 658)
4(26 27 660 659)
4(27 28 661 660)
4(28 29 662 661)
4(29 30 663 662)
4(30 31 664 663)
4(31 32 665 664)
4(0 633 666 33)
4(33 666 699 66)
4(66 699 732 99)
4(99 732 765 132)
4(132 765 798 165)
4(165 798 831 198)
4(198 831 864 231)
4(369 1002 1035 402)
4(402 1035 1068 435)
4(435 1068 1101 468)
4(468 1101 1134 501)
4(501 1134 1167 534)
4(534 1167 1200 567)
4(567 1200 1233 600)
4(633 634 1267 1266)
4(634 635 1268 1267)
4(635 636 1269 1268)
4(636 637 1270 1269)
4(637 638 1271 1270)
4(638 639 1272 1271)
4(639 640 1273 1272)
4(640 641 1274 1273)
4(641 642 1275 1274)
4(642 643 1276 1275)
4(643 644 1277 1276)
4(644 645 1278 1277)
4(645 646 1279 1278)
4(646 647 1280 1279)
4(647 648 1281 1280)
4(648 649 1282 1281)
4(649 650 1283 1282)
4(650 651 1284 1283)
4(651 652 1285 1284)
4(652 653 1286 1285)
4(653 654 1287 1286)
4(654 655 1288 1287)
4(655 656 1289 1288)
4(656 657 1290 1289)
4(657 658 1291 1290)
4(658 659 1292 1291)
4(659 660 1293 1292)
4(660 661 1294 1293)
4(661 662 1295 1294)
4(662 663 1296 1295)
4(663 664 1297 1296)
4(664 665 1298 1297)
4(633 1266 1299 666)
4(666 1299 1332 699)
4(699 1332 1365 732)
4(732 1365 1398 765)
4(765 1398 1431 798)
4(798 1431 1464 831)
4(831 1464 1497 864)
4(1002 1635 1668 1035)
4(1035 1668 1701 1068)
4(1068 1701 1734 1101)
4(1101 1734 1767 1134)
4(1134 1767 1800 1167)
4(1167 1800 1833 1200)
4(1200 1833 1866 1233)
4(0 33 34 1)
4(1 34 35 2)
4(2 35 36 3)
4(3 36 37 4)
4(4 37 38 5)
4(5 38 39 6)
4(6 39 40 7)
4(7 40 41 8)
4(8 41 42 9)
4(9 42 43 10)
4(10 43 44 11)
4(11 44 45 12)
4(12 45 46 13)
4(13 46 47 14)
4(14 47 48 15)
4(15 48 49 16)
4(16 49 50 17)
4(17 50 51 18)
4(18 51 52 19)
4(19 52 53 20)
4(20 53 54 21)
4(21 54 55 22)
4(22 55 56 23)
4(23 56 57 24)
4(24 57 58 25)
4(25 58 59 26)
4(26 59 60 27)
4(27 60 61 28)
4(28 61 62 29)
4(29 62 63 30)
4(30 63 64 31)
4(31 64 65 32)
4(33 66 67 34)
4(34 67 68 35)
4(35 68 69 36)
4(36 69 70 37)
4(37 70 71 38)
4(38 71 72 39)
4(39 72 73 40)
4(40 73 74 41)
4(41 74 75 42)
4(42 75 76 43)
4(43 76 77 44)
4(44 77 78 45)
4(45 78 79 46)
4(46 79 80 47)
4(47 80 81 48)
4(48 81 82 49)
4(49 82 83 50)
4(50 83 84 51)
4(51 84 85 52)
4(52 85 86 53)
4(53 86 87 54)
4(54 87 88 55)
4(55 88 89 56)
4(56 89 90 57)
4(57 90 91 58)
4(58 91 92 59)
4(59 92 93 60)
4(60 93 94 61)
4(61 94 95 62)
4(62 95 96 63)
4(63 96 97 64)
4(64 97 98 65)
4(66 99 100 67)
4(67 100 101 68)
4(68 101 102 69)
4(69 102 103 70)
4(70 103 104 71)
4(71 104 105 72)
4(72 105 106 73)
4(73 106 107 74)
4(74 107 108 75)
4(75 108 109 76)
4(76 109 110 77)
4(77 110 111 78)
4(78 111 112 79)
4(79 112 113 80)
4(80 113 114 81)
4(81 114 115 82)
4(82 115 116 83)
4(83 116 117 84)
4(84 117 118 85)
4(85 118 119 86)
4(86 119 120 87)
4(87 120 121 88)
4(88 121 122 89)
4(89 122 123 90)
4(90 123 124 91)
4(91 124 125 92)
4(92 125 126 93)
4(93 126 127 94)
4(94 127 128 95)
4(95 128 129 96)
4(96 129 130 97)
4(97 130 131 98)
4(99 132 133 100)
4(100 133 134 101)
4(101 134 135 102)
4(102 135 136 103)
4(103 136 137 104)
4(104 137 138 105)
4(105 138 139 106)
4(106 139 140 107)
4(107 140 141 108)
4(108 141 142 109)
4(109 142 143 110)
4(110 143 144 111)
4(111 144 145 112)
4(112 145 146 113)
4(113 146 147 114)
4(114 147 148 115)
4(115 148 149 116)
4(116 149 150 117)
4(117 150 151 118)
4(118 151 152 119)
4(119 152 153 120)
4(120 153 154 121)
4(121 154 155 122)
4(122 155 156 123)
4(123 156 157 124)
4(124 157 158 125)
4(125 158 159 126)
4(126 159 160 127)
4(127 160 161 128)
4(128 161 162 129)
4(129 162 163 130)
4(130 163 164 131)
4(132 165 166 133)
4(133 166 167 134)
4(134 167 168 135)
4(135 168 169 136)
4(136 169 170 137)
4(137 170 171 138)
4(138 171 172 139)
4(139 172 173 140)
4(140 173 174 141)
4(141 174 175 142)
4(142 175 176 143)
4(143 176 177 144)
4(144 177 178 145)
4(145 178 179 146)
4(146 179 180 147)
4(147 180 181 148)
4(148 181 182 149)
4(149 182 183 150)
4(150 183 184 151)
4(151 184 185 152)
4(152 185 186 153)
4(153 186 187 154)
4(154 187 188 155)
4(155 188 189 156)
4(156 189 190 157)
4(157 190 191 158)
4(158 191 192 159)
4(159 192 193 160)
4(160 193 194 161)
4(161 194 195 162)
4(162 195 196 163)
4(163 196 197 164)
4(165 198 199 166)
4(166 199 200 167)
4(167 200 201 168)
4(168 201 202 169)
4(169 202 203 170)
4(170 203 204 171)
4(171 204 205 172)
4(172 205 206 173)
4(173 206 207 174)
4(174 207 208 175)
4(175 208 209 176)
4(176 209 210 177)
4(177 210 211 178)
4(178 211 212 179)
4(179 212 213 180)
4(180 213 214 181)
4(181 214 215 182)
4(182 215 216 183)
4(183 216 217 184)
4(184 217 218 185)
4(185 218 219 186)
4(186 219 220 187)
4(187 220 221 188)
4(188 221 222 189)
4(189 222 223 190)
4(190 223 224 191)
4(191 224 225 192)
4(192 225 226 193)
4(193 226 227 194)
4(194 227 228 195)
4(195 228 229 196)
4(196 229 230 197)
4(198 231 232 199)
4(199 232 233 200)
4(200 233 234 201)
4(201 234 235 202)
4(202 235 236 203)
4(203 236 237 204)
4(204 237 238 205)
4(205 238 239 206)
4(206 239 240 207)
4(207 240 241 208)
4(208 241 242 209)
4(209 242 243 210)
4(210 243 244 211)
4(211 244 245 212)
4(212 245 246 213)
4(213 246 247 214)
4(214 247 248 215)
4(215 248 249 216)
4(216 249 250 217)
4(217 250 251 218)
4(218 251 252 219)
4(219 252 253 220)
4(220 253 254 221)
4(221 254 255 222)
4(222 255 256 223)
4(223 256 257 224)
4(224 257 258 225)
4(225 258 259 226)
4(226 259 260 227)
4(227 260 261 228)
4(228 261 262 229)
4(229 262 263 230)
4(237 264 265 238)
4(238 265 266 239)
4(239 266 267 240)
4(240 267 268 241)
4(241 268 269 242)
4(242 269 270 243)
4(243 270 271 244)
4(244 271 272 245)
4(245 272 273 246)
4(246 273 274 247)
4(247 274 275 248)
4(248 275 276 249)
4(249 276 277 250)
4(250 277 278 251)
4(251 278 279 252)
4(252 279 280 253)
4(253 280 281 254)
4(254 281 282 255)
4(255 282 283 256)
4(256 283 284 257)
4(264 285 286 265)
4(265 286 287 266)
4(266 287 288 267)
4(267 288 289 268)
4(268 289 290 269)
4(269 290 291 270)
4(270 291 292 271)
4(271 292 293 272)
4(272 293 294 273)
4(273 294 295 274)
4(274 295 296 275)
4(275 296 297 276)
4(276 297 298 277)
4(277 298 299 278)
4(278 299 300 279)
4(279 300 301 280)
4(280 301 302 281)
4(281 302 303 282)
4(282 303 304 283)
4(283 304 305 284)
4(285 306 307 286)
4(286 307 308 287)
4(287 308 309 288)
4(288 309 310 289)
4(289 310 311 290)
4(290 311 312 291)
4(291 312 313 292)
4(292 313 314 293)
4(293 314 315 294)
4(294 315 316 295)
4(295 316 317 296)
4(296 317 318 297)
4(297 318 319 298)
4(298 319 320 299)
4(299 320 321 300)
4(300 321 322 301)
4(301 322 323 302)
4(302 323 324 303)
4(303 324 325 304)
4(304 325 326 305)
4(306 327 328 307)
4(307 328 329 308)
4(308 329 330 309)
4(309 330 331 310)
4(310 331 332 311)
4(311 332 333 312)
4(312 333 334 313)
4(313 334 335 314)
4(314 335 336 315)
4(315 336 337 316)
4(316 337 338 317)
4(317 338 339 318)
4(318 339 340 319)
4(319 340 341 320)
4(320 341 342 321)
4(321 342 343 322)
4(322 343 344 323)
4(323 344 345 324)
4(324 345 346 325)
4(325 346 347 326)
4(327 348 349 328)
4(328 349 350 329)
4(329 350 351 330)
4(330 351 352 331)
4(331 352 353 332)
4(332 353 354 333)
4(333 354 355 334)
4(334 355 356 335)
4(335 356 357 336)
4(336 357 358 337)
4(337 358 359 338)
4(338 359 360 339)
4(339 360 361 340)
4(340 361 362 341)
4(341 362 363 342)
4(342 363 364 343)
4(343 364 365 344)
4(344 365 366 345)
4(345 366 367 346)
4(346 367 368 347)
4(348 375 376 349)
4(349 376 377 350)
4(350 377 378 351)
4(351 378 379 352)
4(352 379 380 353)
4(353 380 381 354)
4(354 381 382 355)
4(355 382 383 356)
4(356 383 384 357)
4(357 384 385 358)
4(358 385 386 359)
4(359 386 387 360)
4(360 387 388 361)
4(361 388 389 362)
4(362 389 390 363)
4(363 390 391 364)
4(364 391 392 365)
4(365 392 393 366)
4(366 393 394 367)
4(367 394 395 368)
4(369 402 403 370)
4(370 403 404 371)
4(371 404 405 372)
4(372 405 406 373)
4(373 406 407 374)
4(374 407 408 375)
4(375 408 409 376)
4(376 409 410 377)
4(377 410 411 378)
4(378 411 412 379)
4(379 412 413 380)
4(380 413 414 381)
4(381 414 415 382)
4(382 415 416 383)
4(383 416 417 384)
4(384 417 418 385)
4(385 418 419 386)
4(386 419 420 387)
4(387 420 421 388)
4(388 421 422 389)
4(389 422 423 390)
4(390 423 424 391)
4(391 424 425 392)
4(392 425 426 393)
4(393 426 427 394)
4(394 427 428 395)
4(395 428 429 396)
4(396 429 430 397)
4(397 430 431 398)
4(398 431 432 399)
4(399 432 433 400)
4(400 433 434 401)
4(402 435 436 403)
4(403 436 437 404)
4(404 437 438 405)
4(405 438 439 406)
4(406 439 440 407)
4(407 440 441 408)
4(408 441 442 409)
4(409 442 443 410)
4(410 443 444 411)
4(411 444 445 412)
4(412 445 446 413)
4(413 446 447 414)
4(414 447 448 415)
4(415 448 449 416)
4(416 449 450 417)
4(417 450 451 418)
4(418 451 452 419)
4(419 452 453 420)
4(420 453 454 421)
4(421 454 455 422)
4(422 455 456 423)
4(423 456 457 424)
4(424 457 458 425)
4(425 458 459 426)
4(426 459 460 427)
4(427 460 461 428)
4(428 461 462 429)
4(429 462 463 430)
4(430 463 464 431)
4(431 464 465 432)
4(432 465 466 433)
4(433 466 467 434)
4(435 468 469 436)
4(436 469 470 437)
4(437 470 471 438)
4(438 471 472 439)
4(439 472 473 440)
4(440 473 474 441)
4(441 474 475 442)
4(442 475 476 443)
4(443 476 477 444)
4(444 477 478 445)
4(445 478 479 446)
4(446 479 480 447)
4(447 480 481 448)
4(448 481 482 449)
4(449 482 483 450)
4(450 483 484 451)
4(451 484 485 452)
4(452 485 486 453)
4(453 486 487 454)
4(454 487 488 455)
4(455 488 489 456)
4(456 489 490 457)
4(457 490 491 458)
4(458 491 492 459)
4(459 492 493 460)
4(460 493 494 461)
4(461 494 495 462)
4(462 495 496 463)
4(463 496 497 464)
4(464 497 498 465)
4(465 498 499 466)
4(466 499 500 467)
4(468 501 502 469)
4(469 502 503 470)
4(470 503 504 471)
4(471 504 505 472)
4(472 505 506 473)
4(473 506 507 474)
4(474 507 508 475)
4(475 508 509 476)
4(476 509 510 477)
4(477 510 511 478)
4(478 511 512 479)
4(479 512 513 480)
4(480 513 514 481)
4(481 514 515 482)
4(482 515 516 483)
4(483 516 517 484)
4(484 517 518 485)
4(485 518 519 486)
4(486 519 520 487)
4(487 520 521 488)
4(488 521 522 489)
4(489 522 523 490)
4(490 523 524 491)
4(491 524 525 492)
4(492 525 526 493)
4(493 526 527 494)
4(494 527 528 495)
4(495 528 529 496)
4(496 529 530 497)
4(497 530 531 498)
4(498 531 532 499)
4(499 532 533 500)
4(501 534 535 502)
4(502 535 536 503)
4(503 536 537 504)
4(504 537 538 505)
4(505 538 539 506)
4(506 539 540 507)
4(507 540 541 508)
4(508 541 542 509)
4(509 542 543 510)
4(510 543 544 511)
4(511 544 545 512)
4(512 545 546 513)
4(513 546 547 514)
4(514 547 548 515)
4(515 548 549 516)
4(516 549 550 517)
4(517 550 551 518)
4(518 551 552 519)
4(519 552 553 520)
4(520 553 554 521)
4(521 554 555 522)
4(522 555 556 523)
4(523 556 557 524)
4(524 557 558 525)
4(525 558 559 526)
4(526 559 560 527)
4(527 560 561 528)
4(528 561 562 529)
4(529 562 563 530)
4(530 563 564 531)
4(531 564 565 532)
4(532 565 566 533)
4(534 567 568 535)
4(535 568 569 536)
4(536 569 570 537)
4(537 570 571 538)
4(538 571 572 539)
4(539 572 573 540)
4(540 573 574 541)
4(541 574 575 542)
4(542 575 576 543)
4(543 576 577 544)
4(544 577 578 545)
4(545 578 579 546)
4(546 579 580 547)
4(547 580 581 548)
4(548 581 582 549)
4(549 582 583 550)
4(550 583 584 551)
4(551 584 585 552)
4(552 585 586 553)
4(553 586 587 554)
4(554 587 588 555)
4(555 588 589 556)
4(556 589 590 557)
4(557 590 591 558)
4(558 591 592 559)
4(559 592 593 560)
4(560 593 594 561)
4(561 594 595 562)
4(562 595 596 563)
4(563 596 597 564)
4(564 597 598 565)
4(565 598 599 566)
4(567 600 601 568)
4(568 601 602 569)
4(569 602 603 570)
4(570 603 604 571)
4(571 604 605 572)
4(572 605 606 573)
4(573 606 607 574)
4(574 607 608 575)
4(575 608 609 576)
4(576 609 610 577)
4(577 610 611 578)
4(578 611 612 579)
4(579 612 613 580)
4(580 613 614 581)
4(581 614 615 582)
4(582 615 616 583)
4(583 616 617 584)
4(584 617 618 585)
4(585 618 619 586)
4(586 619 620 587)
4(587 620 621 588)
4(588 621 622 589)
4(589 622 623 590)
4(590 623 624 591)
4(591 624 625 592)
4(592 625 626 593)
4(593 626 627 594)
4(594 627 628 595)
4(595 628 629 596)
4(596 629 630 597)
4(597 630 631 598)
4(598 631 632 599)
4(1266 1267 1300 1299)
4(1267 1268 1301 1300)
4(1268 1269 1302 1301)
4(1269 1270 1303 1302)
4(1270 1271 1304 1303)
4(1271 1272 1305 1304)
4(1272 1273 1306 1305)
4(1273 1274 1307 1306)
4(1274 1275 1308 1307)
4(1275 1276 1309 1308)
4(1276 1277 1310 1309)
4(1277 1278 1311 1310)
4(1278 1279 1312 1311)
4(1279 1280 1313 1312)
4(1280 1281 1314 1313)
4(1281 1282 1315 1314)
4(1282 1283 1316 1315)
4(1283 1284 1317 1316)
4(1284 1285 1318 1317)
4(1285 1286 1319 1318)
4(1286 1287 1320 1319)
4(1287 1288 1321 1320)
4(1288 1289 1322 1321)
4(1289 1290 1323 1322)
4(1290 1291 1324 1323)
4(1291 1292 1325 1324)
4(1292 1293 1326 1325)
4(1293 1294 1327 1326)
4(1294 1295 1328 1327)
4(1295 1296 1329 1328)
4(1296 1297 1330 1329)
4(1297 1298 1331 1330)
4(1299 1300 1333 1332)
4(1300 1301 1334 1333)
4(1301 1302 1335 1334)
4(1302 1303 1336 1335)
4(1303 1304 1337 1336)
4(1304 1305 1338 1337)
4(1305 1306 1339 1338)
4(1306 1307 1340 1339)
4(1307 1308 1341 1340)
4(1308 1309 1342 1341)
4(1309 1310 1343 1342)
4(1310 1311 1344 1343)
4(1311 1312 1345 1344)
4(1312 1313 1346 1345)
4(1313 1314 1347 1346)
4(1314 1315 1348 1347)
4(1315 1316 1349 1348)
4(1316 1317 1350 1349)
4(1317 1318 1351 1350)
4(1318 1319 1352 1351)
4(1319 1320 1353 1352)
4(1320 1321 1354 1353)
4(1321 1322 1355 1354)
4(1322 1323 1356 1355)
4(1323 1324 1357 1356)
4(1324 1325 1358 1357)
4(1325 1326 1359 1358)
4(1326 1327 1360 1359)
4(1327 1328 1361 1360)
4(1328 1329 1362 1361)
4(1329 1330 1363 1362)
4(1330 1331 1364 1363)
4(1332 1333 1366 1365)
4(1333 1334 1367 1366)
4(1334 1335 1368 1367)
4(1335 1336 1369 1368)
4(1336 1337 1370 1369)
4(1337 1338 1371 1370)
4(1338 1339 1372 1371)
4(1339 1340 1373 1372)
4(1340 1341 1374 1373)
4(1341 1342 1375 1374)
4(1342 1343 1376 1375)
4(1343 1344 1377 1376)
4(1344 1345 1378 1377)
4(1345 1346 1379 1378)
4(1346 1347 1380 1379)
4(1347 1348 1381 1380)
4(1348 1349 1382 1381)
4(1349 1350 1383 1382)
4(1350 1351 1384 1383)
4(1351 1352 1385 1384)
4(1352 1353 1386 1385)
4(1353 1354 1387 1386)
4(1354 1355 1388 1387)
4(1355 1356 1389 1388)
4(1356 1357 1390 1389)
4(1357 1358 1391 1390)
4(1358 1359 1392 1391)
4(1359 1360 1393 1392)
4(1360 1361 1394 1393)
4(1361 1362 1395 1394)
4(1362 1363 1396 1395)
4(1363 1364 1397 1396)
4(1365 1366 1399 1398)
4(1366 1367 1400 1399)
4(1367 1368 1401 1400)
4(1368 1369 1402 1401)
4(1369 1370 1403 1402)
4(1370 1371 1404 1403)
4(1371 1372 1405 1404)
4(1372 1373 1406 1405)
4(1373 1374 1407 1406)
4(1374 1375 1408 1407)
4(1375 1376 1409 1408)
4(1376 1377 1410 1409)
4(1377 1378 1411 1410)
4(1378 1379 1412 1411)
4(1379 1380 1413 1412)
4(1380 1381 1414 1413)
4(1381 1382 1415 1414)
4(1382 1383 1416 1415)
4(1383 1384 1417 1416)
4(1384 1385 1418 1417)
4(1385 1386 1419 1418)
4(1386 1387 1420 1419)
4(1387 1388 1421 1420)
4(1388 1389 1422 1421)
4(1389 1390 1423 1422)
4(1390 1391 1424 1423)
4(1391 1392 1425 1424)
4(1392 1393 1426 1425)
4(1393 1394 1427 1426)
4(1394 1395 1428 1427)
4(1395 1396 1429 1428)
4(1396 1397 1430 1429)
4(1398 1399 1432 1431)
4(1399 1400 1433 1432)
4(1400 1401 1434 1433)
4(1401 1402 1435 1434)
4(1402 1403 1436 1435)
4(1403 1404 1437 1436)
4(1404 1405 1438 1437)
4(1405 1406 1439 1438)
4(1406 1407 1440 1439)
4(1407 1408 1441 1440)
4(1408 1409 1442 1441)
4(1409 1410 1443 1442)
4(1410 1411 1444 1443)
4(1411 1412 1445 1444)
4(1412 1413 1446 1445)
4(1413 1414 1447 1446)
4(1414 1415 1448 1447)
4(1415 1416 1449 1448)
4(1416 1417 1450 1449)
4(1417 1418 1451 1450)
4(1418 1419 1452 1451)
4(1419 1420 1453 1452)
4(1420 1421 1454 1453)
4(1421 1422 1455 1454)
4(1422 1423 1456 1455)
4(1423 1424 1457 1456)
4(1424 1425 1458 1457)
4(1425 1426 1459 1458)
4(1426 1427 1460 1459)
4(1427 1428 1461 1460)
4(1428 1429 1462 1461)
4(1429 1430 1463 1462)
4(1431 1432 1465 1464)
4(1432 1433 1466 1465)
4(1433 1434 1467 1466)
4(1434 1435 1468 1467)
4(1435 1436 1469 1468)
4(1436 1437 1470 1469)
4(1437 1438 1471 1470)
4(1438 1439 1472 1471)
4(1439 1440 1473 1472)
4(1440 1441 1474 1473)
4(1441 1442 1475 1474)
4(1442 1443 1476 1475)
4(1443 1444 1477 1476)
4(1444 1445 1478 1477)
4(1445 1446 1479 1478)
4(1446 1447 1480 1479)
4(1447 1448 1481 1480)
4(1448 1449 1482 1481)
4(1449 1450 1483 1482)
4(1450 1451 1484 1483)
4(1451 1452 1485 1484)
4(1452 1453 1486 1485)
4(1453 1454 1487 1486)
4(1454 1455 1488 1487)
4(1455 1456 1489 1488)
4(1456 1457 1490 1489)
4(1457 1458 1491 1490)
4(1458 1459 1492 1491)
4(1459 1460 1493 1492)
4(1460 1461 1494 1493)
4(1461 1462 1495 1494)
4(1462 1463 1496 1495)
4(1464 1465 1498 1497)
4(1465 1466 1499 1498)
4(1466 1467 1500 1499)
4(1467 1468 1501 1500)
4(1468 1469 1502 1501)
4(1469 1470 1503 1502)
4(1470 1471 1504 1503)
4(1471 1472 1505 1504)
4(1472 1473 1506 1505)
4(1473 1474 1507 1506)
4(1474 1475 1508 1507)
4(1475 1476 1509 1508)
4(1476 1477 1510 1509)
4(1477 1478 1511 1510)
4(1478 1479 1512 1511)
4(1479 1480 1513 1512)
4(1480 1481 1514 1513)
4(1481 1482 1515 1514)
4(1482 1483 1516 1515)
4(1483 1484 1517 1516)
4(1484 1485 1518 1517)
4(1485 1486 1519 1518)
4(1486 1487 1520 1519)
4(1487 1488 1521 1520)
4(1488 1489 1522 1521)
4(1489 1490 1523 1522)
4(1490 1491 1524 1523)
4(1491 1492 1525 1524)
4(1492 1493 1526 1525)
4(1493 1494 1527 1526)
4(1494 1495 1528 1527)
4(1495 1496 1529 1528)
4(1503 1504 1531 1530)
4(1504 1505 1532 1531)
4(1505 1506 1533 1532)
4(1506 1507 1534 1533)
4(1507 1508 1535 1534)
4(1508 1509 1536 1535)
4(1509 1510 1537 1536)
4(1510 1511 1538 1537)
4(1511 1512 1539 1538)
4(1512 1513 1540 1539)
4(1513 1514 1541 1540)
4(1514 1515 1542 1541)
4(1515 1516 1543 1542)
4(1516 1517 1544 1543)
4(1517 1518 1545 1544)
4(1518 1519 1546 1545)
4(1519 1520 1547 1546)
4(1520 1521 1548 1547)
4(1521 1522 1549 1548)
4(1522 1523 1550 1549)
4(1530 1531 1552 1551)
4(1531 1532 1553 1552)
4(1532 1533 1554 1553)
4(1533 1534 1555 1554)
4(1534 1535 1556 1555)
4(1535 1536 1557 1556)
4(1536 1537 1558 1557)
4(1537 1538 1559 1558)
4(1538 1539 1560 1559)
4(1539 1540 1561 1560)
4(1540 1541 1562 1561)
4(1541 1542 1563 1562)
4(1542 1543 1564 1563)
4(1543 1544 1565 1564)
4(1544 1545 1566 1565)
4(1545 1546 1567 1566)
4(1546 1547 1568 1567)
4(1547 1548 1569 1568)
4(1548 1549 1570 1569)
4(1549 1550 1571 1570)
4(1551 1552 1573 1572)
4(1552 1553 1574 1573)
4(1553 1554 1575 1574)
4(1554 1555 1576 1575)
4(1555 1556 1577 1576)
4(1556 1557 1578 1577)
4(1557 1558 1579 1578)
4(1558 1559 1580 1579)
4(1559 1560 1581 1580)
4(1560 1561 1582 1581)
4(1561 1562 1583 1582)
4(1562 1563 1584 1583)
4(1563 1564 1585 1584)
4(1564 1565 1586 1585)
4(1565 1566 1587 1586)
4(1566 1567 1588 1587)
4(1567 1568 1589 1588)
4(1568 1569 1590 1589)
4(1569 1570 1591 1590)
4(1570 1571 1592 1591)
4(1572 1573 1594 1593)
4(1573 1574 1595 1594)
4(1574 1575 1596 1595)
4(1575 1576 1597 1596)
4(1576 1577 1598 1597)
4(1577 1578 1599 1598)
4(1578 1579 1600 1599)
4(1579 1580 1601 1600)
4(1580 1581 1602 1601)
4(1581 1582 1603 1602)
4(1582 1583 1604 1603)
4(1583 1584 1605 1604)
4(1584 1585 1606 1605)
4(1585 1586 1607 1606)
4(1586 1587 1608 1607)
4(1587 1588 1609 1608)
4(1588 1589 1610 1609)
4(1589 1590 1611 1610)
4(1590 1591 1612 1611)
4(1591 1592 1613 1612)
4(1593 1594 1615 1614)
4(1594 1595 1616 1615)
4(1595 1596 1617 1616)
4(1596 1597 1618 1617)
4(1597 1598 1619 1618)
4(1598 1599 1620 1619)
4(1599 1600 1621 1620)
4(1600 1601 1622 1621)
4(1601 1602 1623 1622)
4(1602 1603 1624 1623)
4(1603 1604 1625 1624)
4(1604 1605 1626 1625)
4(1605 1606 1627 1626)
4(1606 1607 1628 1627)
4(1607 1608 1629 1628)
4(1608 1609 1630 1629)
4(1609 1610 1631 1630)
4(1610 1611 1632 1631)
4(1611 1612 1633 1632)
4(1612 1613 1634 1633)
4(1614 1615 1642 1641)
4(1615 1616 1643 1642)
4(1616 1617 1644 1643)
4(1617 1618 1645 1644)
4(1618 1619 1646 1645)
4(1619 1620 1647 1646)
4(1620 1621 1648 1647)
4(1621 1622 1649 1648)
4(1622 1623 1650 1649)
4(1623 1624 1651 1650)
4(1624 1625 1652 1651)
4(1625 1626 1653 1652)
4(1626 1627 1654 1653)
4(1627 1628 1655 1654)
4(1628 1629 1656 1655)
4(1629 1630 1657 1656)
4(1630 1631 1658 1657)
4(1631 1632 1659 1658)
4(1632 1633 1660 1659)
4(1633 1634 1661 1660)
4(1635 1636 1669 1668)
4(1636 1637 1670 1669)
4(1637 1638 1671 1670)
4(1638 1639 1672 1671)
4(1639 1640 1673 1672)
4(1640 1641 1674 1673)
4(1641 1642 1675 1674)
4(1642 1643 1676 1675)
4(1643 1644 1677 1676)
4(1644 1645 1678 1677)
4(1645 1646 1679 1678)
4(1646 1647 1680 1679)
4(1647 1648 1681 1680)
4(1648 1649 1682 1681)
4(1649 1650 1683 1682)
4(1650 1651 1684 1683)
4(1651 1652 1685 1684)
4(1652 1653 1686 1685)
4(1653 1654 1687 1686)
4(1654 1655 1688 1687)
4(1655 1656 1689 1688)
4(1656 1657 1690 1689)
4(1657 1658 1691 1690)
4(1658 1659 1692 1691)
4(1659 1660 1693 1692)
4(1660 1661 1694 1693)
4(1661 1662 1695 1694)
4(1662 1663 1696 1695)
4(1663 1664 1697 1696)
4(1664 1665 1698 1697)
4(1665 1666 1699 1698)
4(1666 1667 1700 1699)
4(1668 1669 1702 1701)
4(1669 1670 1703 1702)
4(1670 1671 1704 1703)
4(1671 1672 1705 1704)
4(1672 1673 1706 1705)
4(1673 1674 1707 1706)
4(1674 1675 1708 1707)
4(1675 1676 1709 1708)
4(1676 1677 1710 1709)
4(1677 1678 1711 1710)
4(1678 1679 1712 1711)
4(1679 1680 1713 1712)
4(1680 1681 1714 1713)
4(1681 1682 1715 1714)
4(1682 1683 1716 1715)
4(1683 1684 1717 1716)
4(1684 1685 1718 1717)
4(1685 1686 1719 1718)
4(1686 1687 1720 1719)
4(1687 1688 1721 1720)
4(1688 1689 1722 1721)
4(1689 1690 1723 1722)
4(1690 1691 1724 1723)
4(1691 1692 1725 1724)
4(1692 1693 1726 1725)
4(1693 1694 1727 1726)
4(1694 1695 1728 1727)
4(1695 1696 1729 1728)
4(1696 1697 1730 1729)
4(1697 1698 1731 1730)
4(1698 1699 1732 1731)
4(1699 1700 1733 1732)
4(1701 1702 1735 1734)
4(1702 1703 1736 1735)
4(1703 1704 1737 1736)
4(1704 1705 1738 1737)
4(1705 1706 1739 1738)
4(1706 1707 1740 1739)
4(1707 1708 1741 1740)
4(1708 1709 1742 1741)
4(1709 1710 1743 1742)
4(1710 1711 1744 1743)
4(1711 1712 1745 1744)
4(1712 1713 1746 1745)
4(1713 1714 1747 1746)
4(1714 1715 1748 1747)
4(1715 1716 1749 1748)
4(1716 1717 1750 1749)
4(1717 1718 1751 1750)
4(1718 1719 1752 1751)
4(1719 1720 1753 1752)
4(1720 1721 1754 1753)
4(1721 1722 1755 1754)
4(1722 1723 1756 1755)
4(1723 1724 1757 1756)
4(1724 1725 1758 1757)
4(1725 1726 1759 1758)
4(1726 1727 1760 1759)
4(1727 1728 1761 1760)
4(1728 1729 1762 1761)
4(1729 1730 1763 1762)
4(1730 1731 1764 1763)
4(1731 1732 1765 1764)
4(1732 1733 1766 1765)
4(1734 1735 1768 1767)
4(1735 1736 1769 1768)
4(1736 1737 1770 1769)
4(1737 1738 1771 1770)
4(1738 1739 1772 1771)
4(1739 1740 1773 1772)
4(1740 1741 1774 1773)
4(1741 1742 1775 1774)
4(1742 1743 1776 1775)
4(1743 1744 1777 1776)
4(1744 1745 1778 1777)
4(1745 1746 1779 1778)
4(1746 1747 1780 1779)
4(1747 1748 1781 1780)
4(1748 1749 1782 1781)
4(1749 1750 1783 1782)
4(1750 1751 1784 1783)
4(1751 1752 1785 1784)
4(1752 1753 1786 1785)
4(1753 1754 1787 1786)
4(1754 1755 1788 1787)
4(1755 1756 1789 1788)
4(1756 1757 1790 1789)
4(1757 1758 1791 1790)
4(1758 1759 1792 1791)
4(1759 1760 1793 1792)
4(1760 1761 1794 1793)
4(1761 1762 1795 1794)
4(1762 1763 1796 1795)
4(1763 1764 1797 1796)
4(1764 1765 1798 1797)
4(1765 1766 1799 1798)
4(1767 1768 1801 1800)
4(1768 1769 1802 1801)
4(1769 1770 1803 1802)
4(1770 1771 1804 1803)
4(1771 1772 1805 1804)
4(1772 1773 1806 1805)
4(1773 1774 1807 1806)
4(1774 1775 1808 1807)
4(1775 1776 1809 1808)
4(1776 1777 1810 1809)
4(1777 1778 1811 1810)
4(1778 1779 1812 1811)
4(1779 1780 1813 1812)
4(1780 1781 1814 1813)
4(1781 1782 1815 1814)
4(1782 1783 1816 1815)
4(1783 1784 1817 1816)
4(1784 1785 1818 1817)
4(1785 1786 1819 1818)
4(1786 1787 1820 1819)
4(1787 1788 1821 1820)
4(1788 1789 1822 1821)
4(1789 1790 1823 1822)
4(1790 1791 1824 1823)
4(1791 1792 1825 1824)
4(1792 1793 1826 1825)
4(1793 1794 1827 1826)
4(1794 1795 1828 1827)
4(1795 1796 1829 1828)
4(1796 1797 1830 1829)
4(1797 1798 1831 1830)
4(1798 1799 1832 1831)
4(1800 1801 1834 1833)
4(1801 1802 1835 1834)
4(1802 1803 1836 1835)
4(1803 1804 1837 1836)
4(1804 1805 1838 1837)
4(1805 1806 1839 1838)
4(1806 1807 1840 1839)
4(1807 1808 1841 1840)
4(1808 1809 1842 1841)
4(1809 1810 1843 1842)
4(1810 1811 1844 1843)
4(1811 1812 1845 1844)
4(1812 1813 1846 1845)
4(1813 1814 1847 1846)
4(1814 1815 1848 1847)
4(1815 1816 1849 1848)
4(1816 1817 1850 1849)
4(1817 1818 1851 1850)
4(1818 1819 1852 1851)
4(1819 1820 1853 1852)
4(1820 1821 1854 1853)
4(1821 1822 1855 1854)
4(1822 1823 1856 1855)
4(1823 1824 1857 1856)
4(1824 1825 1858 1857)
4(1825 1826 1859 1858)
4(1826 1827 1860 1859)
4(1827 1828 1861 1860)
4(1828 1829 1862 1861)
4(1829 1830 1863 1862)
4(1830 1831 1864 1863)
4(1831 1832 1865 1864)
4(1833 1834 1867 1866)
4(1834 1835 1868 1867)
4(1835 1836 1869 1868)
4(1836 1837 1870 1869)
4(1837 1838 1871 1870)
4(1838 1839 1872 1871)
4(1839 1840 1873 1872)
4(1840 1841 1874 1873)
4(1841 1842 1875 1874)
4(1842 1843 1876 1875)
4(1843 1844 1877 1876)
4(1844 1845 1878 1877)
4(1845 1846 1879 1878)
4(1846 1847 1880 1879)
4(1847 1848 1881 1880)
4(1848 1849 1882 1881)
4(1849 1850 1883 1882)
4(1850 1851 1884 1883)
4(1851 1852 1885 1884)
4(1852 1853 1886 1885)
4(1853 1854 1887 1886)
4(1854 1855 1888 1887)
4(1855 1856 1889 1888)
4(1856 1857 1890 1889)
4(1857 1858 1891 1890)
4(1858 1859 1892 1891)
4(1859 1860 1893 1892)
4(1860 1861 1894 1893)
4(1861 1862 1895 1894)
4(1862 1863 1896 1895)
4(1863 1864 1897 1896)
4(1864 1865 1898 1897)
4(257 890 891 258)
4(258 891 892 259)
4(259 892 893 260)
4(260 893 894 261)
4(261 894 895 262)
4(262 895 896 263)
4(257 284 917 890)
4(284 305 938 917)
4(305 326 959 938)
4(326 347 980 959)
4(347 368 1001 980)
4(368 395 1028 1001)
4(890 1523 1524 891)
4(891 1524 1525 892)
4(892 1525 1526 893)
4(893 1526 1527 894)
4(894 1527 1528 895)
4(895 1528 1529 896)
4(890 917 1550 1523)
4(917 938 1571 1550)
4(938 959 1592 1571)
4(959 980 1613 1592)
4(980 1001 1634 1613)
4(1001 1028 1661 1634)
4(395 396 1029 1028)
4(396 397 1030 1029)
4(397 398 1031 1030)
4(398 399 1032 1031)
4(399 400 1033 1032)
4(400 401 1034 1033)
4(1028 1029 1662 1661)
4(1029 1030 1663 1662)
4(1030 1031 1664 1663)
4(1031 1032 1665 1664)
4(1032 1033 1666 1665)
4(1033 1034 1667 1666)
4(231 864 865 232)
4(232 865 866 233)
4(233 866 867 234)
4(234 867 868 235)
4(235 868 869 236)
4(236 869 870 237)
4(864 1497 1498 865)
4(865 1498 1499 866)
4(866 1499 1500 867)
4(867 1500 1501 868)
4(868 1501 1502 869)
4(869 1502 1503 870)
4(237 870 897 264)
4(264 897 918 285)
4(285 918 939 306)
4(306 939 960 327)
4(327 960 981 348)
4(369 370 1003 1002)
4(370 371 1004 1003)
4(371 372 1005 1004)
4(372 373 1006 1005)
4(373 374 1007 1006)
4(348 981 1008 375)
4(374 375 1008 1007)
4(870 1503 1530 897)
4(897 1530 1551 918)
4(918 1551 1572 939)
4(939 1572 1593 960)
4(960 1593 1614 981)
4(1002 1003 1636 1635)
4(1003 1004 1637 1636)
4(1004 1005 1638 1637)
4(1005 1006 1639 1638)
4(1006 1007 1640 1639)
4(981 1614 1641 1008)
4(1007 1008 1641 1640)
)


// ************************************************************************* //
