/*--------------------------------*- C++ -*----------------------------------*\
| =========                 |                                                 |
| \\      /  F ield         | OpenFOAM: The Open Source CFD Toolbox           |
|  \\    /   O peration     | Version:  2406                                  |
|   \\  /    A nd           | Website:  www.openfoam.com                      |
|    \\/     M anipulation  |                                                 |
\*---------------------------------------------------------------------------*/
FoamFile
{
    version     2.0;
    format      ascii;
    arch        "LSB;label=32;scalar=64";
    note        "nPoints:1899  nCells:1136  nFaces:4104  nInternalFaces:2712";
    class       labelList;
    location    "constant/polyMesh";
    object      neighbour;
}
// * * * * * * * * * * * * * * * * * * * * * * * * * * * * * * * * * * * * * //


2712
(
1
32
568
2
33
569
3
34
570
4
35
571
5
36
572
6
37
573
7
38
574
8
39
575
9
40
576
10
41
577
11
42
578
12
43
579
13
44
580
14
45
581
15
46
582
16
47
583
17
48
584
18
49
585
19
50
586
20
51
587
21
52
588
22
53
589
23
54
590
24
55
591
25
56
592
26
57
593
27
58
594
28
59
595
29
60
596
30
61
597
31
62
598
63
599
33
64
600
34
65
601
35
66
602
36
67
603
37
68
604
38
69
605
39
70
606
40
71
607
41
72
608
42
73
609
43
74
610
44
75
611
45
76
612
46
77
613
47
78
614
48
79
615
49
80
616
50
81
617
51
82
618
52
83
619
53
84
620
54
85
621
55
86
622
56
87
623
57
88
624
58
89
625
59
90
626
60
91
627
61
92
628
62
93
629
63
94
630
95
631
65
96
632
66
97
633
67
98
634
68
99
635
69
100
636
70
101
637
71
102
638
72
103
639
73
104
640
74
105
641
75
106
642
76
107
643
77
108
644
78
109
645
79
110
646
80
111
647
81
112
648
82
113
649
83
114
650
84
115
651
85
116
652
86
117
653
87
118
654
88
119
655
89
120
656
90
121
657
91
122
658
92
123
659
93
124
660
94
125
661
95
126
662
127
663
97
128
664
98
129
665
99
130
666
100
131
667
101
132
668
102
133
669
103
134
670
104
135
671
105
136
672
106
137
673
107
138
674
108
139
675
109
140
676
110
141
677
111
142
678
112
143
679
113
144
680
114
145
681
115
146
682
116
147
683
117
148
684
118
149
685
119
150
686
120
151
687
121
152
688
122
153
689
123
154
690
124
155
691
125
156
692
126
157
693
127
158
694
159
695
129
160
696
130
161
697
131
162
698
132
163
699
133
164
700
134
165
701
135
166
702
136
167
703
137
168
704
138
169
705
139
170
706
140
171
707
141
172
708
142
173
709
143
174
710
144
175
711
145
176
712
146
177
713
147
178
714
148
179
715
149
180
716
150
181
717
151
182
718
152
183
719
153
184
720
154
185
721
155
186
722
156
187
723
157
188
724
158
189
725
159
190
726
191
727
161
192
728
162
193
729
163
194
730
164
195
731
165
196
732
166
197
733
167
198
734
168
199
735
169
200
736
170
201
737
171
202
738
172
203
739
173
204
740
174
205
741
175
206
742
176
207
743
177
208
744
178
209
745
179
210
746
180
211
747
181
212
748
182
213
749
183
214
750
184
215
751
185
216
752
186
217
753
187
218
754
188
219
755
189
220
756
190
221
757
191
222
758
223
759
193
760
194
761
195
762
196
763
197
764
198
765
199
224
766
200
225
767
201
226
768
202
227
769
203
228
770
204
229
771
205
230
772
206
231
773
207
232
774
208
233
775
209
234
776
210
235
777
211
236
778
212
237
779
213
238
780
214
239
781
215
240
782
216
241
783
217
242
784
218
243
785
219
786
220
787
221
788
222
789
223
790
791
225
244
792
226
245
793
227
246
794
228
247
795
229
248
796
230
249
797
231
250
798
232
251
799
233
252
800
234
253
801
235
254
802
236
255
803
237
256
804
238
257
805
239
258
806
240
259
807
241
260
808
242
261
809
243
262
810
263
811
245
264
812
246
265
813
247
266
814
248
267
815
249
268
816
250
269
817
251
270
818
252
271
819
253
272
820
254
273
821
255
274
822
256
275
823
257
276
824
258
277
825
259
278
826
260
279
827
261
280
828
262
281
829
263
282
830
283
831
265
284
832
266
285
833
267
286
834
268
287
835
269
288
836
270
289
837
271
290
838
272
291
839
273
292
840
274
293
841
275
294
842
276
295
843
277
296
844
278
297
845
279
298
846
280
299
847
281
300
848
282
301
849
283
302
850
303
851
285
304
852
286
305
853
287
306
854
288
307
855
289
308
856
290
309
857
291
310
858
292
311
859
293
312
860
294
313
861
295
314
862
296
315
863
297
316
864
298
317
865
299
318
866
300
319
867
301
320
868
302
321
869
303
322
870
323
871
305
324
872
306
325
873
307
326
874
308
327
875
309
328
876
310
329
877
311
330
878
312
331
879
313
332
880
314
333
881
315
334
882
316
335
883
317
336
884
318
337
885
319
338
886
320
339
887
321
340
888
322
341
889
323
342
890
343
891
325
350
892
326
351
893
327
352
894
328
353
895
329
354
896
330
355
897
331
356
898
332
357
899
333
358
900
334
359
901
335
360
902
336
361
903
337
362
904
338
363
905
339
364
906
340
365
907
341
366
908
342
367
909
343
368
910
369
911
345
376
912
346
377
913
347
378
914
348
379
915
349
380
916
350
381
917
351
382
918
352
383
919
353
384
920
354
385
921
355
386
922
356
387
923
357
388
924
358
389
925
359
390
926
360
391
927
361
392
928
362
393
929
363
394
930
364
395
931
365
396
932
366
397
933
367
398
934
368
399
935
369
400
936
370
401
937
371
402
938
372
403
939
373
404
940
374
405
941
375
406
942
407
943
377
408
944
378
409
945
379
410
946
380
411
947
381
412
948
382
413
949
383
414
950
384
415
951
385
416
952
386
417
953
387
418
954
388
419
955
389
420
956
390
421
957
391
422
958
392
423
959
393
424
960
394
425
961
395
426
962
396
427
963
397
428
964
398
429
965
399
430
966
400
431
967
401
432
968
402
433
969
403
434
970
404
435
971
405
436
972
406
437
973
407
438
974
439
975
409
440
976
410
441
977
411
442
978
412
443
979
413
444
980
414
445
981
415
446
982
416
447
983
417
448
984
418
449
985
419
450
986
420
451
987
421
452
988
422
453
989
423
454
990
424
455
991
425
456
992
426
457
993
427
458
994
428
459
995
429
460
996
430
461
997
431
462
998
432
463
999
433
464
1000
434
465
1001
435
466
1002
436
467
1003
437
468
1004
438
469
1005
439
470
1006
471
1007
441
472
1008
442
473
1009
443
474
1010
444
475
1011
445
476
1012
446
477
1013
447
478
1014
448
479
1015
449
480
1016
450
481
1017
451
482
1018
452
483
1019
453
484
1020
454
485
1021
455
486
1022
456
487
1023
457
488
1024
458
489
1025
459
490
1026
460
491
1027
461
492
1028
462
493
1029
463
494
1030
464
495
1031
465
496
1032
466
497
1033
467
498
1034
468
499
1035
469
500
1036
470
501
1037
471
502
1038
503
1039
473
504
1040
474
505
1041
475
506
1042
476
507
1043
477
508
1044
478
509
1045
479
510
1046
480
511
1047
481
512
1048
482
513
1049
483
514
1050
484
515
1051
485
516
1052
486
517
1053
487
518
1054
488
519
1055
489
520
1056
490
521
1057
491
522
1058
492
523
1059
493
524
1060
494
525
1061
495
526
1062
496
527
1063
497
528
1064
498
529
1065
499
530
1066
500
531
1067
501
532
1068
502
533
1069
503
534
1070
535
1071
505
536
1072
506
537
1073
507
538
1074
508
539
1075
509
540
1076
510
541
1077
511
542
1078
512
543
1079
513
544
1080
514
545
1081
515
546
1082
516
547
1083
517
548
1084
518
549
1085
519
550
1086
520
551
1087
521
552
1088
522
553
1089
523
554
1090
524
555
1091
525
556
1092
526
557
1093
527
558
1094
528
559
1095
529
560
1096
530
561
1097
531
562
1098
532
563
1099
533
564
1100
534
565
1101
535
566
1102
567
1103
537
1104
538
1105
539
1106
540
1107
541
1108
542
1109
543
1110
544
1111
545
1112
546
1113
547
1114
548
1115
549
1116
550
1117
551
1118
552
1119
553
1120
554
1121
555
1122
556
1123
557
1124
558
1125
559
1126
560
1127
561
1128
562
1129
563
1130
564
1131
565
1132
566
1133
567
1134
1135
569
600
570
601
571
602
572
603
573
604
574
605
575
606
576
607
577
608
578
609
579
610
580
611
581
612
582
613
583
614
584
615
585
616
586
617
587
618
588
619
589
620
590
621
591
622
592
623
593
624
594
625
595
626
596
627
597
628
598
629
599
630
631
601
632
602
633
603
634
604
635
605
636
606
637
607
638
608
639
609
640
610
641
611
642
612
643
613
644
614
645
615
646
616
647
617
648
618
649
619
650
620
651
621
652
622
653
623
654
624
655
625
656
626
657
627
658
628
659
629
660
630
661
631
662
663
633
664
634
665
635
666
636
667
637
668
638
669
639
670
640
671
641
672
642
673
643
674
644
675
645
676
646
677
647
678
648
679
649
680
650
681
651
682
652
683
653
684
654
685
655
686
656
687
657
688
658
689
659
690
660
691
661
692
662
693
663
694
695
665
696
666
697
667
698
668
699
669
700
670
701
671
702
672
703
673
704
674
705
675
706
676
707
677
708
678
709
679
710
680
711
681
712
682
713
683
714
684
715
685
716
686
717
687
718
688
719
689
720
690
721
691
722
692
723
693
724
694
725
695
726
727
697
728
698
729
699
730
700
731
701
732
702
733
703
734
704
735
705
736
706
737
707
738
708
739
709
740
710
741
711
742
712
743
713
744
714
745
715
746
716
747
717
748
718
749
719
750
720
751
721
752
722
753
723
754
724
755
725
756
726
757
727
758
759
729
760
730
761
731
762
732
763
733
764
734
765
735
766
736
767
737
768
738
769
739
770
740
771
741
772
742
773
743
774
744
775
745
776
746
777
747
778
748
779
749
780
750
781
751
782
752
783
753
784
754
785
755
786
756
787
757
788
758
789
759
790
791
761
762
763
764
765
766
767
792
768
793
769
794
770
795
771
796
772
797
773
798
774
799
775
800
776
801
777
802
778
803
779
804
780
805
781
806
782
807
783
808
784
809
785
810
786
811
787
788
789
790
791
793
812
794
813
795
814
796
815
797
816
798
817
799
818
800
819
801
820
802
821
803
822
804
823
805
824
806
825
807
826
808
827
809
828
810
829
811
830
831
813
832
814
833
815
834
816
835
817
836
818
837
819
838
820
839
821
840
822
841
823
842
824
843
825
844
826
845
827
846
828
847
829
848
830
849
831
850
851
833
852
834
853
835
854
836
855
837
856
838
857
839
858
840
859
841
860
842
861
843
862
844
863
845
864
846
865
847
866
848
867
849
868
850
869
851
870
871
853
872
854
873
855
874
856
875
857
876
858
877
859
878
860
879
861
880
862
881
863
882
864
883
865
884
866
885
867
886
868
887
869
888
870
889
871
890
891
873
892
874
893
875
894
876
895
877
896
878
897
879
898
880
899
881
900
882
901
883
902
884
903
885
904
886
905
887
906
888
907
889
908
890
909
891
910
911
893
918
894
919
895
920
896
921
897
922
898
923
899
924
900
925
901
926
902
927
903
928
904
929
905
930
906
931
907
932
908
933
909
934
910
935
911
936
937
913
944
914
945
915
946
916
947
917
948
918
949
919
950
920
951
921
952
922
953
923
954
924
955
925
956
926
957
927
958
928
959
929
960
930
961
931
962
932
963
933
964
934
965
935
966
936
967
937
968
938
969
939
970
940
971
941
972
942
973
943
974
975
945
976
946
977
947
978
948
979
949
980
950
981
951
982
952
983
953
984
954
985
955
986
956
987
957
988
958
989
959
990
960
991
961
992
962
993
963
994
964
995
965
996
966
997
967
998
968
999
969
1000
970
1001
971
1002
972
1003
973
1004
974
1005
975
1006
1007
977
1008
978
1009
979
1010
980
1011
981
1012
982
1013
983
1014
984
1015
985
1016
986
1017
987
1018
988
1019
989
1020
990
1021
991
1022
992
1023
993
1024
994
1025
995
1026
996
1027
997
1028
998
1029
999
1030
1000
1031
1001
1032
1002
1033
1003
1034
1004
1035
1005
1036
1006
1037
1007
1038
1039
1009
1040
1010
1041
1011
1042
1012
1043
1013
1044
1014
1045
1015
1046
1016
1047
1017
1048
1018
1049
1019
1050
1020
1051
1021
1052
1022
1053
1023
1054
1024
1055
1025
1056
1026
1057
1027
1058
1028
1059
1029
1060
1030
1061
1031
1062
1032
1063
1033
1064
1034
1065
1035
1066
1036
1067
1037
1068
1038
1069
1039
1070
1071
1041
1072
1042
1073
1043
1074
1044
1075
1045
1076
1046
1077
1047
1078
1048
1079
1049
1080
1050
1081
1051
1082
1052
1083
1053
1084
1054
1085
1055
1086
1056
1087
1057
1088
1058
1089
1059
1090
1060
1091
1061
1092
1062
1093
1063
1094
1064
1095
1065
1096
1066
1097
1067
1098
1068
1099
1069
1100
1070
1101
1071
1102
1103
1073
1104
1074
1105
1075
1106
1076
1107
1077
1108
1078
1109
1079
1110
1080
1111
1081
1112
1082
1113
1083
1114
1084
1115
1085
1116
1086
1117
1087
1118
1088
1119
1089
1120
1090
1121
1091
1122
1092
1123
1093
1124
1094
1125
1095
1126
1096
1127
1097
1128
1098
1129
1099
1130
1100
1131
1101
1132
1102
1133
1103
1134
1135
1105
1106
1107
1108
1109
1110
1111
1112
1113
1114
1115
1116
1117
1118
1119
1120
1121
1122
1123
1124
1125
1126
1127
1128
1129
1130
1131
1132
1133
1134
1135
)


// ************************************************************************* //
